#Observed stellar mass range: 7.6 < log10(M*/Msun) < 7.8
#Quenched threshold: Obs. SFR / Obs. SM < 1e-11 / yr
#SFHs in units of observed Msun/yr.
#True SFHs rescaled by average systematic offset of -0.160039 dex to be consistent with average observed stellar mass in bin.
#See documentation for explanation of true vs. observed SFRs and SMs.
#Bestfit galaxies in bin: 544474
#Bestfit SF galaxies in bin: 448864
#Bestfit Q galaxies in bin: 95610
#Bestfit central galaxies in bin: 398255
#Bestfit satellite galaxies in bin: 146219
#Avg_scale_factor <SFH_all> Err+ Err- <SFH_SF> Err+ Err- <SFH_Q> Err+ Err- <SFH_Cen> Err+ Err- <SFH_Sat> Err+ Err- Scale_factor_begin Scale_factor_end
0.028936 0 0 0 0 0 0 0 0 0 0 0 0 0 0 0 0.000000 0.057873
0.059561 0 0 0 0 0 0 0 0 0 0 0 0 0 0 0 0.057873 0.061248
0.062373 0 0 0 0 0 0 0 0 0 0 0 0 0 0 0 0.061248 0.063498
0.064623 0 0 0 0 0 0 0 0 0 0 0 0 0 0 0 0.063498 0.065748
0.066873 0 0 0 0 0 0 0 0 0 0 0 0 0 0 0 0.065748 0.067998
0.069123 0 0 0 0 0 0 0 0 0 0 0 0 0 0 0 0.067998 0.070248
0.071373 0 0 0 0 0 0 0 0 0 0 0 0 0 0 0 0.070248 0.072498
0.073623 0 0 0 0 0 0 0 0 0 0 0 0 0 0 0 0.072498 0.074748
0.075873 1.72726e-08 4.57078e-08 1.72726e-08 0 0 0 9.83628e-08 2.23032e-07 9.83628e-08 0 8.83912e-09 0 6.43177e-08 9.92367e-08 6.43177e-08 0.074748 0.076998
0.078123 7.22398e-08 1.08134e-07 6.89712e-08 4.81404e-09 1.34922e-08 4.81404e-09 3.88786e-07 6.0215e-07 3.78076e-07 5.42579e-09 6.39486e-08 4.98697e-09 2.5422e-07 2.88937e-07 2.5422e-07 0.076998 0.079248
0.080373 2.28568e-07 1.44373e-07 2.0431e-07 4.17968e-08 5.63761e-08 3.71847e-08 1.10541e-06 7.21891e-07 1.0076e-06 2.03187e-07 5.81857e-08 1.86146e-07 2.97699e-07 4.28014e-07 2.97699e-07 0.079248 0.081498
0.082904 4.92865e-07 3.90761e-07 4.26416e-07 1.62416e-07 2.07744e-07 1.3883e-07 2.04424e-06 1.44402e-06 1.80186e-06 2.63773e-07 8.91549e-08 2.39819e-07 1.11684e-06 1.40626e-06 9.43749e-07 0.081498 0.084311
0.085998 1.3909e-06 7.32692e-07 1.09006e-06 4.24344e-07 5.00708e-07 3.29083e-07 5.9286e-06 2.55065e-06 4.85396e-06 1.13631e-06 2.63968e-07 9.59744e-07 2.08431e-06 2.40672e-06 1.55716e-06 0.084311 0.087685
0.089373 2.93965e-06 2.15213e-06 2.26014e-06 8.42985e-07 9.29485e-07 6.35039e-07 1.2783e-05 6.14285e-06 9.59107e-06 1.71635e-06 1.02181e-06 1.38848e-06 6.27154e-06 5.58508e-06 4.60268e-06 0.087685 0.091061
0.092748 6.51024e-06 5.04489e-06 4.28868e-06 2.26744e-06 1.92808e-06 1.56586e-06 2.64291e-05 1.68694e-05 1.7602e-05 3.20104e-06 2.62396e-06 2.16229e-06 1.55235e-05 1.25879e-05 1.01089e-05 0.091061 0.094435
0.096123 1.1909e-05 8.64239e-06 7.11524e-06 5.32185e-06 3.81586e-06 3.59704e-06 4.28337e-05 3.04372e-05 2.63924e-05 6.45071e-06 4.36796e-06 4.0104e-06 2.67755e-05 2.13062e-05 1.72108e-05 0.094435 0.097811
0.099498 2.0683e-05 1.58896e-05 1.18864e-05 1.0998e-05 6.67326e-06 6.99922e-06 6.61514e-05 5.70624e-05 3.86369e-05 1.16542e-05 7.15174e-06 6.95822e-06 4.52744e-05 4.23176e-05 2.66567e-05 0.097811 0.101186
0.102873 3.65043e-05 2.59713e-05 1.94508e-05 2.23778e-05 1.02299e-05 1.31592e-05 0.000102825 8.626e-05 5.09331e-05 2.34859e-05 1.36504e-05 1.3264e-05 7.19624e-05 6.73796e-05 3.74095e-05 0.101186 0.104560
0.106248 5.9985e-05 3.79107e-05 2.99528e-05 3.71222e-05 1.63343e-05 1.99488e-05 0.00016732 0.000117859 8.52333e-05 4.00339e-05 2.41997e-05 2.13425e-05 0.000114325 8.26734e-05 5.75933e-05 0.104560 0.107936
0.109623 9.18115e-05 5.51235e-05 4.17262e-05 5.96844e-05 2.36543e-05 2.99772e-05 0.00024264 0.000166068 0.000108748 6.39981e-05 3.37289e-05 3.25819e-05 0.000167566 0.000123051 7.25115e-05 0.107936 0.111310
0.112998 0.00013152 7.22131e-05 5.74814e-05 8.95386e-05 3.63215e-05 4.32394e-05 0.000328609 0.000203208 0.000138272 9.56433e-05 4.48195e-05 4.41804e-05 0.000229235 0.000152824 8.93446e-05 0.111310 0.114686
0.116373 0.000175988 8.36299e-05 7.41509e-05 0.000122289 4.90289e-05 5.46344e-05 0.000428087 0.000229556 0.000175163 0.000127439 5.47681e-05 5.63832e-05 0.00030822 0.000169667 0.000119346 0.114686 0.118060
0.119748 0.000219414 9.94243e-05 8.46468e-05 0.000158137 7.41056e-05 6.76949e-05 0.000507097 0.000291871 0.000191549 0.000160888 6.90557e-05 6.45684e-05 0.000378822 0.000212309 0.00014638 0.118060 0.121435
0.123123 0.00027099 0.000116726 0.000104278 0.000199684 8.7964e-05 7.79563e-05 0.000605755 0.000329486 0.0002095 0.000204649 8.37201e-05 7.78219e-05 0.000451685 0.000232863 0.000173653 0.121435 0.124811
0.126498 0.000337208 0.000136537 0.000121534 0.000250923 0.000103216 9.92411e-05 0.000742291 0.000351352 0.000254895 0.000257294 0.000111793 9.30227e-05 0.000554868 0.000279756 0.000195216 0.124811 0.128185
0.129873 0.000418865 0.000169587 0.00014679 0.000319447 0.000128092 0.000116712 0.000885605 0.000401368 0.000283371 0.000326398 0.000128771 0.000113584 0.000670716 0.000319701 0.000214928 0.128185 0.131561
0.133248 0.00051835 0.000205371 0.000169013 0.000401137 0.000176662 0.000138298 0.00106863 0.000414501 0.000347497 0.000411286 0.000158146 0.000138719 0.000809958 0.000351618 0.000250871 0.131561 0.134935
0.137045 0.000628251 0.000219383 0.000199009 0.000496705 0.00020948 0.000165543 0.00124583 0.000461661 0.00036869 0.000507925 0.000201097 0.000164872 0.000955984 0.000384077 0.000291215 0.134935 0.139154
0.141685 0.000825666 0.00029657 0.000259598 0.000664675 0.000273277 0.000213434 0.00158147 0.000544464 0.000471096 0.000678778 0.000262429 0.000211914 0.00122574 0.00042713 0.000337245 0.139154 0.144217
0.146748 0.00106598 0.000319401 0.000318107 0.000875695 0.000324496 0.00027523 0.00195929 0.000629755 0.000576455 0.000893846 0.000311433 0.000265253 0.0015348 0.000472538 0.000433001 0.144217 0.149279
0.151810 0.0013128 0.000446707 0.000369872 0.0011033 0.000405778 0.000334178 0.00229634 0.000755437 0.000622131 0.00112202 0.000388481 0.000326918 0.00183241 0.000576051 0.000491983 0.149279 0.154342
0.156873 0.00160208 0.000530176 0.000433913 0.0013696 0.000515684 0.000389293 0.00269349 0.000946665 0.000773816 0.00139152 0.000485149 0.000395603 0.00217558 0.00073273 0.000560606 0.154342 0.159404
0.161935 0.00189142 0.000612982 0.000504791 0.00163897 0.0005697 0.000441881 0.00307659 0.00103933 0.000880118 0.00167017 0.000544473 0.000472623 0.00249404 0.000803174 0.00064738 0.159404 0.164467
0.166998 0.00217926 0.00072018 0.000564865 0.00190844 0.000643921 0.000510185 0.00345071 0.00132789 0.000949189 0.00194504 0.000604647 0.000539823 0.0028172 0.000917308 0.000702028 0.164467 0.169529
0.172060 0.00236991 0.000813758 0.000606851 0.00209474 0.000713542 0.000545378 0.00366175 0.00140248 0.000950223 0.0021236 0.000705037 0.000569569 0.00304076 0.00106564 0.000728531 0.169529 0.174591
0.177123 0.00246265 0.000838903 0.000633597 0.00218889 0.000756116 0.000591388 0.0037479 0.0014998 0.00100954 0.00221761 0.000755444 0.000597954 0.00313008 0.00108932 0.000769612 0.174591 0.179654
0.182185 0.00252308 0.00087022 0.00067949 0.00224382 0.000788335 0.000597749 0.00383413 0.0014413 0.00103268 0.00228416 0.000816244 0.000629953 0.00317383 0.00114425 0.000777649 0.179654 0.184716
0.187248 0.00264611 0.000939364 0.000726393 0.00236067 0.00085354 0.00066103 0.00398619 0.00154362 0.00105877 0.00239909 0.000861878 0.000668171 0.00331892 0.00123136 0.000863667 0.184716 0.189779
0.192310 0.00275759 0.0010185 0.000759604 0.00246383 0.00087999 0.00070047 0.00413671 0.00159767 0.00109034 0.00250117 0.000905496 0.000724854 0.003456 0.00124402 0.000896614 0.189779 0.194842
0.197373 0.00285333 0.00101905 0.00079687 0.00255736 0.00091845 0.000747822 0.00424283 0.00154864 0.00114663 0.0026015 0.00093249 0.000773037 0.00353924 0.00135364 0.000941533 0.194842 0.199904
0.202435 0.00296139 0.00105118 0.000822221 0.00267224 0.000971565 0.000801362 0.00431886 0.00167697 0.00117817 0.00270974 0.000999702 0.00082327 0.0036468 0.00139658 0.000963536 0.199904 0.204967
0.207498 0.00307458 0.00108625 0.000873254 0.00278118 0.0010148 0.000835805 0.004452 0.00164279 0.00126039 0.00282569 0.00102718 0.000847657 0.00375249 0.00139321 0.00100473 0.204967 0.210029
0.212560 0.00318391 0.00116477 0.00090078 0.00288373 0.0010938 0.000885177 0.00459318 0.00165221 0.0013179 0.002936 0.00106514 0.000882634 0.00385912 0.00139152 0.00107219 0.210029 0.215091
0.217623 0.00330073 0.0011445 0.000934513 0.00300231 0.00110867 0.000915369 0.00470174 0.00177516 0.00134782 0.00305701 0.00107951 0.000914722 0.00396454 0.0014172 0.00112906 0.215091 0.220154
0.222685 0.00319125 0.00117377 0.000952767 0.00288532 0.00102833 0.000873444 0.00462749 0.00179373 0.00131459 0.00293515 0.00107477 0.000864457 0.00388879 0.00143414 0.00108724 0.220154 0.225217
0.227748 0.0031635 0.00106515 0.000956682 0.00286143 0.00103368 0.000880027 0.00458165 0.00186577 0.00135182 0.0029085 0.00104865 0.000894585 0.00385806 0.00138615 0.00110948 0.225217 0.230279
0.232810 0.0032256 0.00112278 0.0010074 0.00291612 0.00107295 0.00088948 0.00467854 0.00186957 0.00142918 0.00296645 0.00101927 0.00092612 0.00393144 0.00138575 0.00111586 0.230279 0.235342
0.237873 0.00326702 0.00119593 0.000985551 0.00295405 0.00107688 0.000927779 0.00473635 0.00185744 0.00144724 0.00301617 0.00108278 0.000966149 0.00395025 0.00148961 0.00109552 0.235342 0.240404
0.242935 0.00335328 0.00131912 0.00100946 0.00303894 0.00115544 0.000975078 0.00482902 0.00184625 0.00143352 0.0030986 0.00119299 0.000989931 0.00404696 0.00163145 0.00112571 0.240404 0.245467
0.247998 0.00344449 0.00133805 0.00102523 0.00312429 0.00112018 0.00100209 0.00494771 0.00190097 0.00145399 0.00318811 0.00119735 0.00101085 0.00414279 0.00169011 0.00117366 0.245467 0.250529
0.253060 0.00355851 0.00130615 0.00107492 0.00324394 0.00117581 0.00105729 0.00503534 0.0019637 0.00150793 0.00331093 0.00119804 0.00103743 0.00423287 0.001657 0.00123997 0.250529 0.255592
0.258123 0.00361699 0.00130519 0.00110006 0.0033049 0.00115183 0.00105719 0.00508215 0.00195653 0.00153101 0.00336953 0.00118634 0.00105716 0.00429099 0.00158656 0.00127141 0.255592 0.260654
0.263185 0.00371722 0.00129983 0.00115408 0.0034028 0.00115617 0.00111676 0.00519333 0.00186684 0.00155402 0.00347175 0.00118985 0.00110543 0.00438578 0.001583 0.00127835 0.260654 0.265716
0.268248 0.00380016 0.00129626 0.00120009 0.00349001 0.00115322 0.00116285 0.00525624 0.00183142 0.00157115 0.00356043 0.00116771 0.00114909 0.00445312 0.00160078 0.00127577 0.265716 0.270779
0.273310 0.00387215 0.00127807 0.00120617 0.00356103 0.00114342 0.00117898 0.00533278 0.00181819 0.00159413 0.0036346 0.00117087 0.00119716 0.00451914 0.00158481 0.00133995 0.270779 0.275842
0.278373 0.00396955 0.00121828 0.00127451 0.00366171 0.00106053 0.0012032 0.00541477 0.00182592 0.00167816 0.00373674 0.00115834 0.00125906 0.00460363 0.0015798 0.00140877 0.275842 0.280904
0.283435 0.00400401 0.00115817 0.0013106 0.00369918 0.00108933 0.00126429 0.00543512 0.00184653 0.0017045 0.00376936 0.001074 0.00129025 0.00464314 0.00151988 0.00143552 0.280904 0.285967
0.288498 0.00404777 0.00118081 0.00135932 0.0037446 0.0010479 0.00128868 0.00547104 0.00186594 0.00174135 0.0038281 0.00108385 0.00128452 0.00464608 0.00152469 0.00142865 0.285967 0.291029
0.293560 0.00410939 0.00125339 0.00138912 0.00381033 0.00115869 0.00126864 0.00551337 0.00192528 0.00177149 0.003893 0.00119636 0.00131686 0.00469876 0.00158252 0.00144406 0.291029 0.296091
0.298623 0.0041605 0.00133717 0.0013736 0.00386305 0.00118724 0.00129336 0.00555694 0.00193663 0.0017842 0.0039474 0.00125138 0.00130274 0.0047409 0.00165937 0.00148524 0.296091 0.301154
0.303685 0.00422487 0.00137487 0.00136443 0.00393551 0.00118048 0.00128684 0.00558336 0.00189674 0.00180158 0.00402147 0.00123404 0.0013203 0.00477887 0.00164603 0.00149122 0.301154 0.306217
0.308748 0.00426509 0.00137249 0.00138582 0.00397932 0.00115985 0.00128478 0.00560667 0.00199147 0.00180282 0.00406638 0.00123245 0.00134094 0.00480629 0.00169584 0.00149162 0.306217 0.311279
0.313810 0.00430926 0.00135973 0.0013993 0.00402624 0.00115924 0.00135668 0.00563793 0.00201785 0.00180814 0.00411049 0.00123384 0.00137077 0.00485063 0.0017414 0.00147548 0.311279 0.316341
0.318873 0.0043574 0.00135475 0.00143679 0.00407655 0.00121548 0.00137216 0.00567591 0.00206477 0.00180454 0.00415659 0.00122936 0.00138133 0.00490435 0.00165256 0.00152481 0.316341 0.321404
0.323935 0.00439375 0.00137588 0.00145444 0.00411806 0.0012777 0.00136505 0.00568805 0.00202852 0.00182608 0.00420188 0.00129311 0.00136926 0.00491634 0.0016277 0.00154865 0.321404 0.326466
0.328997 0.00442204 0.00143855 0.00147238 0.00414756 0.00133046 0.00136664 0.00571065 0.00200874 0.00180538 0.00423402 0.0013537 0.00138563 0.00493415 0.00174646 0.00153207 0.326466 0.331528
0.334060 0.00444752 0.00144228 0.00148347 0.00417294 0.00135828 0.00137634 0.00573657 0.00202332 0.00182083 0.00425692 0.00137799 0.00142936 0.00496665 0.00173201 0.00154514 0.331528 0.336591
0.339122 0.00448765 0.0014848 0.00150291 0.00421507 0.00137029 0.00140765 0.00576737 0.00204245 0.0018065 0.00430472 0.00141112 0.00146535 0.0049859 0.00172821 0.0015736 0.336591 0.341653
0.344185 0.00451977 0.00143606 0.00150073 0.00425062 0.00134962 0.0014363 0.00578339 0.002081 0.00179552 0.00434224 0.00136384 0.00149019 0.00500332 0.00176455 0.00160169 0.341653 0.346716
0.349247 0.00456491 0.00138877 0.00153002 0.00429982 0.00140551 0.00147531 0.00580943 0.00213514 0.00185716 0.00438863 0.00136482 0.00151397 0.00504505 0.00174418 0.00163972 0.346716 0.351779
0.354310 0.00458392 0.00144253 0.00155698 0.00431278 0.00147595 0.00150063 0.00585684 0.00220141 0.00189736 0.00440539 0.00143922 0.00153321 0.00507018 0.00173995 0.00166923 0.351779 0.356841
0.359372 0.00461303 0.00150571 0.00155964 0.00434611 0.00153062 0.00153139 0.00586618 0.00223191 0.00188882 0.00443974 0.00149326 0.00155464 0.00508502 0.00177779 0.00166951 0.356841 0.361903
0.364435 0.0046323 0.00157731 0.00159074 0.0043663 0.00154815 0.00152181 0.00588112 0.00229008 0.00187729 0.00445681 0.00157236 0.00155459 0.00511028 0.00180344 0.00169011 0.361903 0.366966
0.369497 0.00465882 0.00163152 0.0016186 0.00439772 0.00154588 0.00156407 0.00588459 0.00228506 0.00186802 0.00448954 0.00162107 0.00158039 0.00511987 0.00182409 0.00169026 0.366966 0.372028
0.374560 0.0046781 0.00169236 0.00162461 0.00441842 0.00155035 0.0015873 0.00589721 0.0022836 0.00187876 0.00451555 0.00162349 0.00159055 0.00512084 0.00185269 0.00166649 0.372028 0.377091
0.379622 0.00469599 0.00172101 0.00163285 0.00444127 0.00157018 0.00157525 0.00589184 0.0023078 0.00187612 0.00453772 0.0016158 0.00159925 0.00512706 0.00189536 0.0016617 0.377091 0.382154
0.384685 0.00475074 0.00175082 0.00165781 0.00449994 0.00158083 0.00157767 0.00592819 0.0022667 0.00188606 0.00459229 0.00163831 0.00162592 0.00518232 0.00195197 0.00172305 0.382154 0.387216
0.389747 0.0047851 0.00174507 0.00165415 0.00453513 0.00157119 0.00158506 0.00595865 0.00227203 0.00190547 0.00462892 0.00163399 0.00164577 0.0052105 0.00198253 0.00175792 0.387216 0.392278
0.394810 0.00481304 0.00173442 0.00168866 0.00456248 0.00155935 0.00160471 0.00598934 0.00230494 0.00191438 0.00466052 0.00163787 0.00165677 0.00522847 0.0020008 0.00178956 0.392278 0.397341
0.399872 0.00481092 0.00171763 0.00169835 0.00455897 0.00153357 0.00160788 0.00599375 0.00232087 0.00186359 0.00465704 0.00161081 0.00166852 0.00523004 0.00197118 0.00181086 0.397341 0.402404
0.404935 0.00483802 0.00170184 0.00172234 0.00458538 0.00153146 0.00163018 0.00602405 0.0023131 0.00187647 0.00468386 0.00163999 0.00167763 0.00525788 0.00199727 0.00183269 0.402404 0.407466
0.409997 0.00485233 0.0016864 0.00174531 0.00460317 0.00156744 0.00166192 0.00602211 0.00237455 0.00188798 0.00469925 0.00167771 0.00169285 0.00526928 0.00200524 0.00180728 0.407466 0.412529
0.415060 0.00487225 0.00167058 0.00178259 0.00462662 0.00159782 0.0016533 0.0060254 0.00234607 0.00190321 0.00472376 0.00169534 0.00170775 0.0052767 0.00203858 0.00180416 0.412529 0.417591
0.420122 0.00491161 0.00170978 0.0018188 0.00466653 0.00164101 0.00167259 0.00606219 0.00239561 0.00194206 0.00476774 0.00167245 0.00175246 0.00530347 0.00204207 0.00181713 0.417591 0.422653
0.425185 0.00497028 0.0017896 0.00186129 0.00472819 0.00167533 0.00173495 0.00610685 0.00241871 0.00195837 0.00483165 0.00165288 0.00180169 0.00534789 0.00195382 0.00182892 0.422653 0.427716
0.430247 0.00500086 0.00177959 0.00186108 0.00475788 0.0015954 0.00175661 0.00614159 0.00238366 0.0019868 0.00486372 0.00163904 0.00183375 0.00537437 0.00197754 0.0018406 0.427716 0.432779
0.435310 0.0050515 0.00181358 0.00185646 0.00481204 0.00164667 0.00178216 0.00617575 0.00240475 0.00202375 0.00491789 0.00164578 0.00187346 0.00541542 0.00199413 0.00185968 0.432779 0.437841
0.440372 0.00506802 0.0018352 0.0018662 0.00483374 0.00163307 0.00180182 0.00616789 0.00240919 0.00204153 0.00494085 0.00166763 0.00189161 0.0054144 0.002012 0.00185743 0.437841 0.442903
0.445435 0.00510826 0.0017663 0.00189103 0.00487871 0.0015993 0.00183066 0.00618592 0.0024965 0.00203845 0.0049861 0.00169736 0.00189237 0.00544099 0.00201946 0.00186531 0.442903 0.447966
0.450497 0.00512819 0.00178567 0.0019033 0.00490114 0.00160104 0.00183407 0.00619414 0.00254807 0.00201903 0.00500907 0.00168364 0.00187632 0.00545266 0.00194878 0.00185625 0.447966 0.453029
0.455560 0.00519021 0.001683 0.00192465 0.0049608 0.00157936 0.00187423 0.00626722 0.00259171 0.002038 0.00507313 0.00162513 0.00186462 0.00550908 0.00195359 0.00187634 0.453029 0.458091
0.460622 0.00523136 0.00166819 0.00191198 0.00500333 0.00156516 0.00187406 0.00630186 0.00263664 0.00205915 0.00511707 0.00164481 0.0018662 0.00554264 0.00197938 0.00188857 0.458091 0.463154
0.465685 0.00526987 0.00167987 0.00192437 0.00504619 0.00153275 0.00186879 0.00631996 0.00265671 0.00203628 0.00516302 0.00167515 0.0018863 0.00556088 0.00200387 0.0018706 0.463154 0.468216
0.470747 0.00531289 0.00168781 0.00194073 0.00508955 0.00154195 0.00188089 0.00636143 0.00263146 0.00204917 0.00520674 0.00169926 0.00189615 0.00560203 0.00199221 0.00187505 0.468216 0.473278
0.475810 0.00534476 0.00169604 0.0019512 0.00512271 0.00155824 0.00188384 0.00638727 0.00262314 0.00204146 0.0052426 0.00173454 0.00190794 0.00562303 0.00197185 0.00186707 0.473278 0.478341
0.480872 0.0053959 0.00174705 0.00196127 0.00518139 0.0015725 0.00190555 0.00640294 0.00268417 0.00205305 0.00529748 0.00176342 0.00193579 0.00566396 0.00196929 0.00187821 0.478341 0.483404
0.485935 0.00545745 0.00175797 0.00198094 0.00524592 0.00159858 0.00192606 0.00645056 0.00275253 0.00206854 0.00536699 0.00172281 0.00196449 0.00570385 0.0019758 0.00188619 0.483404 0.488466
0.490997 0.00549097 0.00172118 0.00197357 0.00528064 0.00162696 0.00193282 0.00647843 0.00273286 0.00208689 0.00540688 0.00165192 0.00197908 0.00572001 0.00197952 0.00189517 0.488466 0.493528
0.496060 0.00554744 0.00172556 0.00198306 0.00534253 0.00157202 0.00194626 0.00650946 0.00270555 0.00210015 0.00546856 0.00165257 0.00199454 0.00576229 0.00198523 0.00190834 0.493528 0.498591
0.501122 0.00561036 0.00169457 0.0020209 0.00540762 0.00156725 0.00195905 0.00656221 0.00265849 0.00212011 0.00553455 0.00167693 0.00203487 0.00581685 0.00197641 0.00192638 0.498591 0.503654
0.506185 0.00568674 0.00170122 0.00205666 0.00548657 0.00157922 0.00201805 0.00662649 0.00261539 0.00214643 0.00561432 0.00161762 0.00208443 0.00588401 0.00198218 0.00193987 0.503654 0.508716
0.511247 0.00574022 0.00170406 0.00204516 0.00554512 0.00155988 0.00205292 0.00665617 0.00257832 0.00217052 0.00567624 0.00162506 0.00209706 0.00591449 0.00197022 0.00194172 0.508716 0.513778
0.516310 0.00581523 0.00172971 0.00207593 0.00562212 0.00153309 0.00212941 0.00672183 0.00251011 0.00220604 0.00575688 0.00165045 0.00212962 0.00597417 0.00196478 0.00196979 0.513778 0.518841
0.521372 0.00587543 0.00174202 0.00208515 0.00567929 0.00148142 0.00214081 0.00679624 0.00247297 0.00223626 0.00582317 0.00166271 0.0021288 0.00601775 0.00196584 0.00198549 0.518841 0.523903
0.526435 0.00594444 0.00176667 0.00210423 0.0057504 0.00144355 0.00216161 0.00685542 0.00241816 0.0022664 0.00589813 0.00164553 0.00214238 0.0060706 0.0019954 0.00200735 0.523903 0.528966
0.531497 0.00599657 0.00175832 0.00211734 0.00580784 0.00137707 0.00215658 0.00688261 0.00243754 0.00227951 0.00595421 0.00156976 0.00215981 0.00611195 0.00202134 0.00203607 0.528966 0.534029
0.536560 0.00608272 0.00166552 0.00214172 0.00589973 0.00139896 0.00216938 0.00694183 0.00247891 0.00228213 0.00605013 0.00156794 0.00220932 0.00617149 0.00204955 0.00204278 0.534029 0.539091
0.541622 0.00615097 0.00165753 0.00213781 0.00597786 0.00143903 0.0021751 0.0069637 0.00250842 0.00229591 0.006129 0.00156424 0.00224691 0.00621083 0.00206436 0.00205835 0.539091 0.544153
0.546685 0.00621505 0.00164769 0.00215775 0.00605221 0.00146695 0.00225182 0.00697953 0.00256225 0.00231293 0.00620177 0.00155681 0.00226109 0.00625124 0.0020464 0.00205989 0.544153 0.549216
0.551747 0.00630022 0.00168115 0.00220318 0.00614286 0.00150224 0.00229968 0.00703899 0.00261213 0.00232917 0.00629213 0.00158081 0.00228396 0.00632225 0.00194972 0.00207731 0.549216 0.554278
0.556810 0.00636064 0.00168286 0.00220373 0.00620997 0.00153357 0.00231511 0.00706797 0.00266815 0.00232113 0.00636125 0.00162248 0.00230998 0.00635896 0.00187557 0.00209669 0.554278 0.559341
0.561872 0.0064361 0.00172486 0.00221248 0.00629199 0.00152855 0.00233611 0.00711267 0.00269517 0.00230244 0.00644494 0.00161413 0.00232375 0.00641202 0.00188057 0.00210243 0.559341 0.564404
0.566935 0.00651577 0.00165794 0.00223887 0.00637972 0.00147616 0.00235298 0.00715446 0.00271081 0.00228631 0.00653211 0.00164533 0.00234155 0.00647126 0.00191831 0.00210762 0.564404 0.569466
0.571997 0.00661969 0.00161358 0.00226878 0.00648987 0.00147689 0.00239026 0.00722916 0.00275915 0.00229427 0.00664516 0.00157389 0.00236311 0.00655032 0.00197525 0.00212218 0.569466 0.574528
0.577060 0.00672593 0.00163689 0.00229204 0.00660446 0.00152848 0.00241583 0.00729622 0.00281095 0.0022405 0.00675391 0.00161387 0.00239817 0.00664971 0.00201509 0.00213814 0.574528 0.579592
0.582123 0.00680384 0.00166461 0.00229677 0.00669097 0.00150963 0.0024528 0.00733373 0.00276295 0.00222243 0.00684131 0.00164428 0.00241192 0.00670179 0.00205194 0.00213669 0.579592 0.584654
0.587185 0.00688689 0.00169494 0.00231403 0.00678602 0.00147863 0.00248259 0.00736043 0.00276992 0.00217275 0.00693983 0.00167942 0.00244069 0.0067427 0.00197828 0.00213295 0.584654 0.589717
0.592248 0.0069719 0.00172625 0.00233132 0.00688074 0.0014433 0.00250713 0.00739984 0.00283016 0.00214124 0.0070344 0.00165386 0.00247642 0.00680166 0.00190098 0.00213503 0.589717 0.594779
0.597310 0.00705421 0.0016814 0.00234319 0.00698256 0.0014126 0.00255065 0.0073906 0.00287692 0.00217772 0.00713256 0.00162101 0.0025144 0.00684082 0.00182662 0.00214688 0.594779 0.599841
0.602373 0.00714636 0.0015744 0.00235815 0.0070848 0.00143223 0.0025877 0.00743535 0.00292869 0.0021226 0.0072384 0.00149527 0.00254161 0.00689568 0.00180708 0.00216711 0.599841 0.604904
0.607435 0.00721208 0.00162476 0.00237534 0.00716237 0.00136983 0.00260196 0.00744543 0.00296783 0.00211011 0.00731541 0.00149639 0.00255745 0.00693064 0.00180541 0.0021749 0.604904 0.609967
0.612498 0.00731137 0.00168299 0.00240908 0.00727478 0.00132276 0.00263723 0.00748312 0.00303071 0.00207745 0.00742917 0.00147711 0.00260318 0.00699052 0.00180974 0.00217673 0.609967 0.615029
0.617560 0.00739607 0.00173797 0.00246875 0.00737899 0.00127045 0.00268391 0.00747628 0.00305954 0.00203476 0.00753182 0.0014567 0.00265093 0.00702636 0.00180668 0.00215062 0.615029 0.620092
0.622623 0.00742703 0.00182892 0.00247404 0.00740326 0.00131727 0.00260718 0.00753864 0.0031401 0.00210687 0.0075563 0.00154314 0.00260695 0.00707495 0.00184777 0.00212331 0.620092 0.625154
0.627685 0.00742333 0.00188094 0.00240655 0.00739832 0.00150089 0.00253423 0.00754077 0.00313186 0.00216784 0.00755242 0.00161663 0.00254458 0.00707173 0.00188326 0.00207603 0.625154 0.630216
0.632748 0.00744073 0.00193261 0.00234386 0.0074087 0.00165623 0.00247821 0.00759116 0.0032389 0.00210031 0.00756774 0.00173735 0.00249631 0.00709481 0.00195395 0.00204259 0.630216 0.635279
0.637810 0.0074597 0.00196968 0.00235273 0.00742229 0.00180048 0.00243128 0.00763535 0.00320775 0.00211742 0.00758548 0.00186074 0.00244575 0.00711713 0.00200785 0.00200832 0.635279 0.640342
0.642873 0.00745924 0.00201809 0.00232998 0.00741546 0.00179177 0.0024106 0.00766478 0.00322203 0.00206282 0.00758412 0.00187126 0.00244204 0.00711908 0.00206969 0.00196058 0.640342 0.645404
0.647935 0.00747832 0.00205316 0.00227178 0.00742909 0.00173355 0.00238365 0.00770946 0.00325251 0.00203289 0.00760047 0.00196812 0.0023948 0.00714562 0.00219396 0.0019118 0.645404 0.650466
0.652998 0.00746839 0.00210312 0.00221858 0.00741639 0.00189641 0.00230758 0.00771255 0.00328667 0.00200808 0.00758797 0.00204749 0.00232166 0.0071427 0.00223415 0.00192271 0.650466 0.655529
0.658060 0.00749931 0.00213521 0.00218594 0.00743472 0.0019365 0.00228736 0.00780252 0.0033562 0.00198835 0.00761203 0.00206709 0.00231575 0.00719228 0.00224688 0.00191281 0.655529 0.660591
0.663123 0.0075123 0.00216679 0.0021183 0.00744128 0.00194488 0.00223459 0.00784573 0.00339358 0.0020442 0.00762361 0.00208236 0.00223671 0.00720911 0.0022764 0.00192655 0.660591 0.665654
0.668185 0.0075243 0.00219588 0.00211442 0.00744356 0.00197801 0.00218168 0.00790336 0.00350091 0.00198105 0.00762638 0.0021056 0.00222678 0.00724627 0.00234946 0.00197038 0.665654 0.670717
0.673248 0.00754414 0.00222306 0.00208881 0.00746096 0.00202603 0.00213276 0.00793464 0.00345253 0.00193221 0.00764674 0.00213617 0.00216594 0.00726467 0.00245937 0.00192613 0.670717 0.675779
0.678310 0.00755742 0.00224814 0.00208907 0.00746449 0.0020658 0.00212276 0.00799375 0.00344001 0.00197973 0.00765169 0.00224309 0.00217896 0.00730068 0.00254552 0.00189285 0.675779 0.680841
0.684006 0.00758142 0.00228446 0.00208542 0.00748264 0.00209752 0.00206784 0.00804516 0.00336275 0.00201704 0.00767342 0.00236592 0.00213018 0.00733085 0.00257181 0.00187334 0.680841 0.687170
0.690967 0.00762962 0.00239576 0.00207594 0.00751798 0.00214959 0.00204401 0.00815373 0.00329499 0.00206084 0.00771313 0.00248971 0.00209641 0.00740217 0.00264397 0.00182385 0.687170 0.694764
0.698560 0.00767507 0.00250187 0.00202691 0.00754168 0.00224782 0.00203076 0.00830135 0.00322844 0.00209429 0.00774612 0.00245072 0.00207205 0.00748157 0.00259004 0.00180191 0.694764 0.702357
0.706154 0.00770094 0.00253175 0.0019643 0.00755293 0.00234542 0.00198121 0.00839584 0.00314036 0.00215739 0.00776258 0.00255848 0.00202372 0.00753307 0.00261596 0.00179117 0.702357 0.709951
0.713748 0.00773002 0.00265054 0.00194183 0.00756266 0.00247604 0.00194826 0.00851575 0.00312098 0.00224944 0.00778091 0.00257332 0.00198396 0.00759142 0.00255761 0.00182018 0.709951 0.717545
0.721342 0.00777101 0.0027492 0.00192316 0.00759048 0.00252262 0.00192277 0.00861856 0.00293816 0.00231994 0.0078148 0.00260307 0.00196612 0.00765176 0.00242169 0.00184358 0.717545 0.725139
0.728935 0.00782326 0.00266291 0.00193711 0.0076227 0.00265981 0.00189663 0.00876482 0.00285631 0.00241046 0.00785114 0.00269348 0.00195038 0.0077473 0.00232826 0.0018856 0.725139 0.732732
0.736529 0.00786431 0.0025971 0.00193229 0.00764927 0.00258793 0.0018794 0.00887385 0.00297089 0.00253932 0.00787646 0.00281632 0.00192813 0.00783121 0.00234744 0.00193774 0.732732 0.740326
0.744123 0.00792211 0.00264922 0.00190426 0.0076846 0.00258473 0.00183125 0.00903714 0.00296537 0.00266443 0.00792229 0.00268436 0.0019 0.00792163 0.00233676 0.00198065 0.740326 0.747920
0.751717 0.00795786 0.00260541 0.00190776 0.00770193 0.00260478 0.00181555 0.00915938 0.0029389 0.00272681 0.00794358 0.0027508 0.00187973 0.00799674 0.00232354 0.00202679 0.747920 0.755513
0.759310 0.00800676 0.00261621 0.00197844 0.00773063 0.00254842 0.001794 0.00930311 0.00272705 0.00286858 0.00797583 0.00259894 0.00187526 0.008091 0.00221818 0.00212861 0.755513 0.763107
0.766904 0.00805572 0.00259948 0.0020174 0.00776224 0.0025629 0.001773 0.00943356 0.00282946 0.00303417 0.0080139 0.00258866 0.00192208 0.00816962 0.00225817 0.00218066 0.763107 0.770701
0.774498 0.00812043 0.00260048 0.00206404 0.00780731 0.0026673 0.00176961 0.00959045 0.00281192 0.00320864 0.00806299 0.00267995 0.00195416 0.00827688 0.00230167 0.00228609 0.770701 0.778295
0.782092 0.00817075 0.00252564 0.00211298 0.00783717 0.0027648 0.00178571 0.00973683 0.00260611 0.00344905 0.00809717 0.00269743 0.00198323 0.00837115 0.00223708 0.00240786 0.778295 0.785888
0.789685 0.00823446 0.00257584 0.00216116 0.00788457 0.00274223 0.0018021 0.00987713 0.00247252 0.00362306 0.00814461 0.00273131 0.00199731 0.0084792 0.00220535 0.00244863 0.785888 0.793482
0.797279 0.00830746 0.00263292 0.00211826 0.00794168 0.00283975 0.00171769 0.0100247 0.00230715 0.00375573 0.00820404 0.00281366 0.00193517 0.00858914 0.00224128 0.00258421 0.793482 0.801076
0.804873 0.00835353 0.00264361 0.00209003 0.00802642 0.00285627 0.00171048 0.00988921 0.00240946 0.00373175 0.00826749 0.00280811 0.00191374 0.00858787 0.00237035 0.00257421 0.801076 0.808670
0.812467 0.00842787 0.00269071 0.00211768 0.00813612 0.00288057 0.00171099 0.00979761 0.00243518 0.00360538 0.00835907 0.00282283 0.00190539 0.00861529 0.00245779 0.0025454 0.808670 0.816263
0.820060 0.00847795 0.00272901 0.002184 0.00823171 0.00292331 0.00177833 0.00963397 0.00259525 0.00350486 0.0084241 0.00284563 0.0019692 0.0086246 0.00240161 0.00254376 0.816263 0.823857
0.827654 0.00853433 0.00270449 0.00217895 0.00832638 0.00293899 0.0018505 0.00951062 0.00273172 0.00340233 0.00849485 0.00293393 0.00206316 0.00864185 0.00243934 0.00251002 0.823857 0.831451
0.835248 0.00858164 0.00273466 0.00215552 0.00841594 0.00298653 0.00191848 0.00935956 0.00275907 0.00343184 0.00856493 0.00293014 0.0021127 0.00862716 0.0024999 0.0024756 0.831451 0.839045
0.842842 0.00862665 0.00271711 0.00216149 0.00849927 0.00300473 0.00198797 0.00922466 0.00291615 0.00330625 0.00862208 0.00297474 0.00208535 0.0086391 0.00258337 0.00245767 0.839045 0.846639
0.850435 0.0086635 0.00277867 0.00222981 0.00858122 0.00299989 0.00197982 0.00904974 0.00303698 0.00313679 0.00868465 0.00299525 0.002082 0.00860586 0.00263176 0.0024555 0.846639 0.854232
0.858029 0.00871266 0.00290341 0.00229869 0.00865662 0.00300288 0.00200553 0.00897577 0.00304093 0.00305401 0.00874655 0.0030392 0.00211053 0.00862039 0.00264311 0.0025263 0.854232 0.861826
0.865623 0.00874251 0.00301424 0.00236362 0.00870539 0.00311415 0.00204497 0.00891681 0.00303584 0.00305349 0.00879787 0.00314912 0.00217592 0.00859173 0.00266443 0.00251217 0.861826 0.869420
0.873217 0.00877624 0.00307069 0.00237594 0.00881277 0.00325973 0.00215691 0.00860471 0.00309091 0.00303353 0.00884686 0.00324055 0.00222711 0.00858387 0.00268074 0.00252379 0.869420 0.877014
0.880810 0.00879679 0.0031042 0.00234157 0.00890744 0.00342644 0.00215787 0.00827734 0.00303469 0.00291435 0.00888224 0.00325457 0.00226132 0.00856406 0.00265038 0.00257009 0.877014 0.884607
0.888404 0.00882382 0.00312912 0.0022902 0.00901021 0.00350696 0.0021813 0.00794871 0.00289041 0.00283818 0.00892661 0.00329923 0.00221464 0.00854384 0.00269613 0.00257283 0.884607 0.892201
0.895998 0.00884703 0.00303911 0.00229008 0.00910846 0.00350543 0.00215579 0.00761967 0.00293889 0.00280725 0.00897875 0.00328747 0.00219591 0.00848826 0.00284869 0.0025023 0.892201 0.899795
0.903592 0.00886933 0.00309724 0.00224606 0.00919428 0.00351642 0.00212049 0.00734377 0.00283776 0.00267175 0.00901698 0.00328929 0.00228775 0.00846719 0.00292008 0.00248505 0.899795 0.907389
0.911185 0.00888871 0.00318498 0.00220133 0.0092795 0.0035507 0.0021714 0.00705407 0.00264625 0.00251829 0.00905606 0.00333686 0.00222761 0.0084329 0.00290553 0.0025045 0.907389 0.914982
0.918779 0.00890341 0.00324663 0.00215441 0.00936296 0.00354805 0.00225321 0.00674593 0.00250513 0.00236815 0.00908834 0.00338405 0.00219333 0.0083997 0.0028993 0.00248274 0.914982 0.922576
0.926373 0.00890819 0.0033772 0.0021062 0.00943737 0.00368531 0.00221529 0.00642381 0.00240196 0.00224279 0.00911068 0.00349029 0.00216396 0.00835666 0.00290729 0.00246776 0.922576 0.930170
0.933967 0.00891561 0.00352119 0.00206152 0.00952295 0.00374752 0.00223714 0.00606427 0.00230566 0.00210723 0.00914299 0.00362446 0.00215643 0.00829627 0.00298463 0.00247045 0.930170 0.937763
0.941560 0.00892738 0.00359581 0.00206534 0.00960388 0.00390297 0.00229545 0.00575139 0.00217623 0.00205618 0.00918172 0.00379282 0.00211363 0.00823466 0.00308294 0.00242296 0.937763 0.945357
0.949154 0.00893977 0.00373265 0.00211887 0.00968754 0.00406636 0.00228339 0.00542919 0.00216436 0.00194984 0.00922409 0.00394517 0.00210786 0.00816538 0.0031774 0.00233394 0.945357 0.952951
0.956748 0.00894064 0.0038929 0.00220168 0.00974635 0.00425495 0.00230874 0.00515804 0.00204073 0.0018807 0.00924227 0.00410226 0.0020817 0.00811911 0.00328965 0.00228323 0.952951 0.960545
0.964342 0.00893437 0.00403405 0.00218312 0.0098167 0.0044586 0.00230292 0.00479211 0.00193305 0.00174439 0.00926199 0.00425982 0.00209633 0.00804204 0.00320348 0.00228111 0.960545 0.968138
0.971935 0.00894857 0.00395639 0.00222704 0.00991543 0.00447042 0.0025002 0.00440947 0.00179153 0.00160626 0.00930182 0.00427013 0.00220977 0.00798646 0.00314684 0.00234839 0.968138 0.975732
0.979529 0.00894055 0.00405285 0.00231492 0.0100324 0.0045649 0.00248873 0.00381442 0.00171459 0.00145894 0.00931368 0.00417762 0.00223589 0.00792429 0.0032225 0.00236154 0.975732 0.983326
0.987123 0.00894511 0.00411906 0.00228587 0.010204 0.00484141 0.00247599 0.00303486 0.00132503 0.00117664 0.0093418 0.004297 0.00230519 0.00786464 0.00330328 0.00239431 0.983326 0.990920
0.994717 0.00893704 0.00409366 0.00233986 0.0104289 0.00514957 0.00255195 0.00193317 0.000894762 0.000800607 0.0093642 0.00439402 0.00236625 0.00777358 0.00328268 0.00244568 0.990920 0.998514
1.000412 0.00893251 0.0041411 0.00236653 0.0108104 0.00532757 0.00278504 0.000116145 5.40319e-05 3.17238e-05 0.00938973 0.00438396 0.00235021 0.00768721 0.00324263 0.00245178 0.998514 1.002310
