#Observed stellar mass range: 7.2 < log10(M*/Msun) < 7.4
#Quenched threshold: Obs. SFR / Obs. SM < 1e-11 / yr
#SFHs in units of observed Msun/yr.
#True SFHs rescaled by average systematic offset of -0.160039 dex to be consistent with average observed stellar mass in bin.
#See documentation for explanation of true vs. observed SFRs and SMs.
#Bestfit galaxies in bin: 750530
#Bestfit SF galaxies in bin: 628305
#Bestfit Q galaxies in bin: 122225
#Bestfit central galaxies in bin: 576007
#Bestfit satellite galaxies in bin: 174523
#Avg_scale_factor <SFH_all> Err+ Err- <SFH_SF> Err+ Err- <SFH_Q> Err+ Err- <SFH_Cen> Err+ Err- <SFH_Sat> Err+ Err- Scale_factor_begin Scale_factor_end
0.028936 0 0 0 0 0 0 0 0 0 0 0 0 0 0 0 0.000000 0.057873
0.059561 0 0 0 0 0 0 0 0 0 0 0 0 0 0 0 0.057873 0.061248
0.062373 0 0 0 0 0 0 0 0 0 0 0 0 0 0 0 0.061248 0.063498
0.064623 0 0 0 0 0 0 0 0 0 0 0 0 0 0 0 0.063498 0.065748
0.066873 0 0 0 0 0 0 0 0 0 0 0 0 0 0 0 0.065748 0.067998
0.069123 0 0 0 0 0 0 0 0 0 0 0 0 0 0 0 0.067998 0.070248
0.071373 0 0 0 0 0 0 0 0 0 0 0 0 0 0 0 0.070248 0.072498
0.073623 0 0 0 0 0 0 0 0 0 0 0 0 0 0 0 0.072498 0.074748
0.075873 0 0 0 0 0 0 0 0 0 0 0 0 0 0 0 0.074748 0.076998
0.078123 1.67334e-09 3.33241e-09 1.67334e-09 0 0 0 1.02753e-08 2.33369e-08 1.02753e-08 2.18035e-09 8.08312e-10 2.18035e-09 0 0 0 0.076998 0.079248
0.080373 7.93452e-09 1.7313e-08 7.51771e-09 0 0 0 4.87224e-08 7.23268e-08 4.77523e-08 2.54882e-09 2.7303e-09 2.54882e-09 2.57098e-08 6.60598e-08 2.57098e-08 0.079248 0.081498
0.082904 4.77198e-09 3.22638e-08 3.12306e-09 2.72293e-09 3.83598e-09 2.72293e-09 1.53053e-08 1.5104e-07 8.55764e-09 4.7201e-09 6.63239e-09 4.37595e-09 4.94321e-09 1.01179e-07 1.91494e-09 0.081498 0.084311
0.085998 3.28877e-08 1.13704e-07 2.26656e-08 1.7947e-08 3.9399e-08 1.56178e-08 1.09691e-07 4.7958e-07 7.01754e-08 1.00262e-08 2.72251e-08 7.34129e-09 1.08341e-07 3.29787e-07 7.89236e-08 0.084311 0.087685
0.089373 3.99757e-07 2.9021e-07 2.91854e-07 1.85028e-07 2.17941e-07 1.20842e-07 1.50358e-06 9.63827e-07 1.25279e-06 3.75243e-07 1.80163e-07 2.84168e-07 4.80663e-07 7.38847e-07 3.56982e-07 0.087685 0.091061
0.092748 6.86148e-07 6.43936e-07 4.61947e-07 3.63087e-07 3.04279e-07 2.60265e-07 2.34686e-06 2.37008e-06 1.68243e-06 3.95568e-07 3.80747e-07 2.71835e-07 1.6452e-06 1.60439e-06 1.13041e-06 0.091061 0.094435
0.096123 9.51707e-07 1.22044e-06 5.63194e-07 5.14401e-07 4.80793e-07 3.48528e-07 3.19971e-06 3.34147e-06 1.82384e-06 5.43734e-07 7.44128e-07 3.38144e-07 2.29821e-06 2.58664e-06 1.47911e-06 0.094435 0.097811
0.099498 1.90016e-06 1.90423e-06 1.10327e-06 1.11445e-06 8.09969e-07 7.36948e-07 5.93914e-06 5.73796e-06 3.47024e-06 1.19039e-06 1.18335e-06 6.86041e-07 4.24272e-06 4.31655e-06 2.56611e-06 0.097811 0.101186
0.102873 3.92495e-06 3.47569e-06 2.16198e-06 2.36901e-06 1.48236e-06 1.45055e-06 1.19234e-05 1.05789e-05 7.11738e-06 2.64239e-06 2.07374e-06 1.50438e-06 8.15801e-06 8.2019e-06 4.68882e-06 0.101186 0.104560
0.106248 7.4245e-06 5.61229e-06 3.86026e-06 4.76178e-06 2.32542e-06 2.88739e-06 2.11124e-05 2.11566e-05 1.12983e-05 5.01503e-06 3.68533e-06 2.6228e-06 1.53769e-05 1.20008e-05 8.53407e-06 0.104560 0.107936
0.109623 1.24155e-05 8.67646e-06 6.15485e-06 8.22678e-06 3.61859e-06 4.68497e-06 3.39479e-05 3.19986e-05 1.61156e-05 8.38057e-06 6.06922e-06 4.31038e-06 2.57327e-05 1.9974e-05 1.3055e-05 0.107936 0.111310
0.112998 1.84251e-05 1.19634e-05 9.37371e-06 1.1736e-05 6.12377e-06 6.23648e-06 5.2811e-05 3.96044e-05 2.43801e-05 1.29825e-05 8.09457e-06 6.72188e-06 3.63885e-05 2.59299e-05 1.71366e-05 0.111310 0.114686
0.116373 2.54934e-05 1.49017e-05 1.28185e-05 1.6952e-05 8.28566e-06 8.72076e-06 6.94006e-05 4.64279e-05 3.0407e-05 1.9666e-05 8.30313e-06 1.01346e-05 4.47263e-05 3.3517e-05 2.0074e-05 0.114686 0.118060
0.119748 3.25812e-05 1.81422e-05 1.54201e-05 2.1803e-05 1.08989e-05 1.06056e-05 8.79875e-05 5.65706e-05 3.87917e-05 2.50674e-05 1.19061e-05 1.23499e-05 5.73806e-05 4.10463e-05 2.50865e-05 0.118060 0.121435
0.123123 4.1622e-05 2.26927e-05 1.79624e-05 2.84773e-05 1.36478e-05 1.32213e-05 0.000109194 6.82599e-05 4.6175e-05 3.19832e-05 1.62154e-05 1.43237e-05 7.34346e-05 4.71848e-05 3.07411e-05 0.121435 0.124811
0.126498 5.23411e-05 3.01775e-05 2.16622e-05 3.5949e-05 1.79894e-05 1.5877e-05 0.000136606 7.85641e-05 5.70468e-05 3.99668e-05 2.08333e-05 1.7106e-05 9.3182e-05 5.65756e-05 3.66636e-05 0.124811 0.128185
0.129873 6.83515e-05 3.91668e-05 2.70833e-05 4.7382e-05 2.27046e-05 2.03975e-05 0.000176146 9.28932e-05 6.76292e-05 5.23691e-05 2.55013e-05 2.1931e-05 0.000121101 7.08162e-05 4.51101e-05 0.128185 0.131561
0.133248 8.68678e-05 5.0058e-05 3.41383e-05 6.13591e-05 2.97643e-05 2.51805e-05 0.000217997 0.000108677 8.43201e-05 6.72515e-05 3.29712e-05 2.79325e-05 0.000151611 8.39731e-05 5.29661e-05 0.131561 0.134935
0.137045 0.000109166 6.00616e-05 4.19643e-05 7.92946e-05 3.89883e-05 3.17523e-05 0.000262724 0.00013323 9.27809e-05 8.51768e-05 4.14413e-05 3.37304e-05 0.000188344 0.00010462 6.31332e-05 0.134935 0.139154
0.141685 0.000153247 7.77109e-05 5.36092e-05 0.000115382 4.99454e-05 4.25965e-05 0.000347892 0.000168373 0.000117821 0.000121559 5.57711e-05 4.52963e-05 0.00025783 0.000135258 7.85454e-05 0.139154 0.144217
0.146748 0.000211908 9.77869e-05 7.18235e-05 0.000162945 6.87783e-05 5.75717e-05 0.000463606 0.000217827 0.000162962 0.000171163 7.41744e-05 5.91388e-05 0.000346387 0.000166251 0.000104745 0.144217 0.149279
0.151810 0.000285066 0.000121829 9.2234e-05 0.00022553 0.000100947 8.22434e-05 0.000591112 0.000233558 0.00019287 0.000237113 9.98166e-05 8.08651e-05 0.000443332 0.000192227 0.000128948 0.149279 0.154342
0.156873 0.000370162 0.000152547 0.000113744 0.000298924 0.000132774 0.000104093 0.000736364 0.000278681 0.000240754 0.000311994 0.000129683 9.984e-05 0.000562143 0.000233656 0.000155597 0.154342 0.159404
0.161935 0.000474333 0.000193203 0.000139825 0.000391121 0.000161744 0.000128583 0.00090209 0.000333373 0.000289294 0.000407923 0.00016815 0.000132142 0.000693519 0.000281932 0.00018717 0.159404 0.164467
0.166998 0.000586447 0.000222459 0.000176984 0.00049109 0.000183326 0.000163247 0.00107663 0.000391733 0.000335667 0.000514464 0.000210077 0.000165987 0.000824023 0.000336059 0.00021659 0.164467 0.169529
0.172060 0.00067155 0.000260938 0.000204302 0.000568707 0.000219671 0.000170891 0.00120022 0.000430389 0.000357299 0.0005914 0.000227045 0.00018422 0.000936084 0.000365998 0.000241439 0.169529 0.174591
0.177123 0.000719413 0.000262054 0.000216808 0.000614717 0.00022853 0.000176111 0.00125761 0.000454775 0.000371482 0.000635509 0.000238948 0.000185971 0.000996336 0.000366059 0.00025788 0.174591 0.179654
0.182185 0.000760542 0.000278386 0.000222406 0.000654064 0.000245635 0.000183679 0.0013079 0.00049788 0.000371667 0.000673353 0.000265466 0.000201432 0.00104831 0.000367657 0.000280588 0.179654 0.184716
0.187248 0.000816384 0.000306076 0.000242468 0.000705253 0.000270626 0.000206679 0.00138766 0.000504853 0.000386289 0.000726438 0.000279301 0.000223604 0.00111325 0.000406129 0.000297672 0.184716 0.189779
0.192310 0.000873048 0.000318573 0.000254247 0.000760312 0.00028643 0.000223683 0.00145257 0.000543322 0.00038731 0.000782608 0.000289704 0.000251316 0.00117154 0.000435514 0.00029895 0.189779 0.194842
0.197373 0.000935315 0.00034923 0.000276159 0.000821247 0.000304934 0.000247433 0.00152169 0.000551383 0.000407023 0.000844115 0.000305367 0.000260955 0.00123632 0.000446784 0.000326607 0.194842 0.199904
0.202435 0.00100219 0.00036001 0.000291454 0.000886734 0.000332927 0.000271555 0.00159568 0.00059682 0.000450106 0.000907326 0.000314014 0.000281125 0.00131527 0.000495613 0.000354415 0.199904 0.204967
0.207498 0.00106172 0.000408002 0.000319821 0.000943301 0.000332233 0.000292243 0.00167046 0.000649925 0.00047606 0.00096672 0.000357262 0.00030307 0.00137527 0.000535815 0.000369879 0.204967 0.210029
0.212560 0.00111837 0.000424349 0.000339085 0.000995962 0.00036301 0.00030425 0.00174763 0.000696642 0.000487857 0.00102334 0.000388154 0.000320949 0.00143203 0.000570722 0.000376084 0.210029 0.215091
0.217623 0.00117906 0.000459523 0.000355463 0.00105302 0.000394874 0.000326104 0.00182699 0.000735207 0.000515029 0.00108211 0.000406761 0.000344031 0.00149906 0.000607861 0.000406291 0.215091 0.220154
0.222685 0.00109933 0.000433351 0.000340926 0.000979605 0.000379064 0.000304242 0.00171478 0.000702622 0.000481068 0.00100608 0.000403192 0.000330163 0.00140709 0.000598083 0.000391352 0.220154 0.225217
0.227748 0.001073 0.0004274 0.000323672 0.000955545 0.00037882 0.000299358 0.00167676 0.000703435 0.000479867 0.000980387 0.000377923 0.000320292 0.00137865 0.000570214 0.000377819 0.225217 0.230279
0.232810 0.00108376 0.000431678 0.000315441 0.000964967 0.000369793 0.000305238 0.00169445 0.000685723 0.000486568 0.000990686 0.00038496 0.000319983 0.00139097 0.000561559 0.000379378 0.230279 0.235342
0.237873 0.0010998 0.000434513 0.000323204 0.000982621 0.000400039 0.000320724 0.00170215 0.000704408 0.000485674 0.00100825 0.000388648 0.000317267 0.00140194 0.000554018 0.00038595 0.235342 0.240404
0.242935 0.00112895 0.000439856 0.000342618 0.00101024 0.000391203 0.000332214 0.00173917 0.000715269 0.00051063 0.0010373 0.000397138 0.000331836 0.00143144 0.000570882 0.00040366 0.240404 0.245467
0.247998 0.0011507 0.000433715 0.000366235 0.00102956 0.000413256 0.000341935 0.00177345 0.000709685 0.000521491 0.00105631 0.000413595 0.000343711 0.00146223 0.00058047 0.000405015 0.245467 0.250529
0.253060 0.00119622 0.000443138 0.000378961 0.0010734 0.00043454 0.00037753 0.00182761 0.000783836 0.000533466 0.0011032 0.00041015 0.000364298 0.00150325 0.00063709 0.000419255 0.250529 0.255592
0.258123 0.00122844 0.000492438 0.000379445 0.00110408 0.000425198 0.000388805 0.00186773 0.000778409 0.000553135 0.00113633 0.000457026 0.000366028 0.00153244 0.000627664 0.000433166 0.255592 0.260654
0.263185 0.00127642 0.000510866 0.000409955 0.00114992 0.000424577 0.000408051 0.00192674 0.000802318 0.000579251 0.00118428 0.000457827 0.000392148 0.00158055 0.000661169 0.000450773 0.260654 0.265716
0.268248 0.00132439 0.000495164 0.000421528 0.0011983 0.000437588 0.000427809 0.00197259 0.000793283 0.000584314 0.0012329 0.000443032 0.000408551 0.00162634 0.000656922 0.000462202 0.265716 0.270779
0.273310 0.00137079 0.000472584 0.000439749 0.00124289 0.000429998 0.000443933 0.00202825 0.000787005 0.000602462 0.00127947 0.000421762 0.000421375 0.00167218 0.000648485 0.000476473 0.270779 0.275842
0.278373 0.00142723 0.000473214 0.000451666 0.00129718 0.000428344 0.000459658 0.00209577 0.000816607 0.000634344 0.00133803 0.00042915 0.000445609 0.00172161 0.000665831 0.000491141 0.275842 0.280904
0.283435 0.0014528 0.000500872 0.000447059 0.0013244 0.000430081 0.000457185 0.00211289 0.000806632 0.000639489 0.00136526 0.000447701 0.000452673 0.00174173 0.000665128 0.000511527 0.280904 0.285967
0.288498 0.00150157 0.00048197 0.000463851 0.00137357 0.000431861 0.000481992 0.00215959 0.000844423 0.000654758 0.00141578 0.000438 0.000470108 0.00178472 0.000662216 0.000518086 0.285967 0.291029
0.293560 0.00154233 0.000484732 0.000493846 0.00141773 0.000425159 0.000486762 0.00218281 0.000839627 0.000671845 0.00145822 0.000442567 0.000482405 0.00181994 0.000678721 0.000558143 0.291029 0.296091
0.298623 0.00158478 0.000475837 0.000516248 0.00146299 0.000437305 0.000500888 0.00221084 0.000855926 0.000670952 0.00150335 0.000442999 0.000509537 0.00185352 0.000664238 0.000568288 0.296091 0.301154
0.303685 0.00162931 0.000486236 0.000547548 0.00150755 0.00043867 0.000530426 0.00225519 0.000878984 0.000686949 0.00154857 0.000438206 0.000537485 0.00189579 0.000687079 0.000566617 0.301154 0.306217
0.308748 0.00167065 0.000487502 0.00056761 0.0015513 0.00044058 0.000558642 0.00228414 0.000876007 0.000691993 0.0015947 0.000449616 0.00055794 0.0019213 0.00071904 0.00056745 0.306217 0.311279
0.313810 0.00171372 0.000513734 0.000586897 0.00159729 0.000445291 0.00057588 0.00231228 0.000918681 0.000701309 0.00163974 0.000460387 0.000580426 0.00195791 0.000755324 0.000595828 0.311279 0.316341
0.318873 0.001757 0.000527926 0.000612049 0.00164205 0.000449365 0.000587742 0.00234787 0.000901473 0.000718296 0.00168697 0.000471718 0.000611863 0.00198814 0.000749562 0.000621141 0.316341 0.321404
0.323935 0.0018039 0.000557826 0.000630561 0.00169008 0.000461875 0.000605968 0.00238899 0.00089143 0.000736759 0.00173632 0.000490901 0.000618968 0.00202691 0.000745255 0.00064642 0.321404 0.326466
0.328997 0.00183927 0.00058167 0.000633593 0.00172589 0.000487423 0.000616835 0.00242207 0.000905789 0.000754064 0.0017725 0.000505501 0.000626082 0.00205961 0.000736009 0.000664359 0.326466 0.331528
0.334060 0.00187345 0.000580833 0.000645683 0.00176176 0.00050938 0.00063542 0.0024476 0.0009239 0.00076521 0.00180683 0.000531259 0.000639476 0.00209334 0.000713782 0.000676024 0.331528 0.336591
0.339122 0.00190834 0.000599462 0.000650509 0.00179848 0.000532687 0.000661216 0.0024731 0.000910197 0.00076201 0.00184482 0.000544475 0.000658025 0.00211798 0.000727553 0.000692398 0.336591 0.341653
0.344185 0.00193548 0.000608264 0.00067192 0.00182746 0.000558793 0.000673688 0.00249074 0.000911521 0.000782781 0.00187609 0.000568293 0.00067123 0.00213148 0.000757224 0.000696088 0.341653 0.346716
0.349247 0.00196013 0.00062032 0.000689455 0.00185338 0.000565408 0.000682914 0.00250888 0.000930559 0.000803013 0.00190316 0.000563775 0.000682628 0.00214817 0.000801693 0.000705217 0.346716 0.351779
0.354310 0.00195994 0.000631977 0.000692758 0.00185607 0.000555271 0.000672772 0.00249391 0.000937677 0.000806729 0.00190489 0.000600523 0.000686428 0.00214164 0.00081108 0.000687692 0.351779 0.356841
0.359372 0.0019959 0.000641364 0.000707135 0.00189283 0.000592385 0.000683458 0.00252571 0.000979082 0.000811937 0.00194445 0.00061577 0.000701726 0.00216571 0.000817649 0.00070466 0.356841 0.361903
0.364435 0.00202068 0.00065352 0.000714954 0.0019194 0.000618182 0.000698614 0.00254128 0.000984614 0.000817069 0.00197116 0.000641297 0.00070983 0.0021841 0.000830251 0.000715384 0.361903 0.366966
0.369497 0.0020467 0.000670155 0.000734639 0.00194746 0.000606569 0.000718735 0.00255683 0.000973398 0.000828707 0.00199837 0.000666641 0.000728632 0.0022062 0.000833537 0.000736807 0.366966 0.372028
0.374560 0.00207438 0.000690554 0.00076143 0.00197806 0.000620548 0.000732681 0.00256947 0.000955515 0.000845455 0.00202677 0.00068902 0.000753435 0.00223151 0.000828383 0.000750384 0.372028 0.377091
0.379622 0.00209348 0.000717247 0.000778975 0.00199686 0.000639681 0.000754527 0.00259017 0.000968323 0.000859898 0.00204523 0.000705345 0.00077278 0.00225273 0.000835196 0.00076918 0.377091 0.382154
0.384685 0.00212606 0.000730509 0.000798596 0.00203027 0.000658255 0.000785483 0.00261845 0.00100738 0.000864593 0.00207882 0.000726912 0.000793644 0.00228195 0.000825643 0.000772723 0.382154 0.387216
0.389747 0.00214826 0.000755638 0.000809862 0.00205418 0.000681373 0.000806728 0.00263191 0.00103628 0.000855187 0.00210078 0.000745347 0.000806398 0.00230496 0.000824703 0.000785944 0.387216 0.392278
0.394810 0.0021679 0.000782566 0.000801661 0.0020771 0.00070095 0.00081787 0.00263467 0.00104079 0.000855356 0.00212322 0.000759669 0.000814412 0.00231535 0.000835084 0.00079372 0.392278 0.397341
0.399872 0.00216903 0.000802693 0.000789284 0.00208139 0.000707288 0.000802376 0.00261958 0.00105971 0.000854053 0.00212828 0.000768057 0.000790789 0.00230355 0.000857954 0.000787609 0.397341 0.402404
0.404935 0.00218532 0.000809962 0.000807764 0.00210104 0.000723032 0.000796716 0.00261855 0.00108484 0.00085936 0.00214546 0.000776808 0.000787205 0.00231688 0.00086717 0.00079336 0.402404 0.407466
0.409997 0.00220615 0.000821886 0.000813776 0.00212556 0.000739488 0.000795066 0.00262042 0.00110913 0.000864634 0.00217027 0.000785765 0.000808394 0.00232455 0.000901026 0.000800326 0.407466 0.412529
0.415060 0.00222116 0.00081509 0.000803606 0.00214298 0.000743706 0.000799342 0.00262303 0.00109998 0.000854115 0.00218767 0.000793141 0.000827868 0.00233167 0.000931461 0.000812035 0.412529 0.417591
0.420122 0.00223898 0.000815165 0.000802955 0.00216322 0.000746933 0.000819495 0.00262843 0.00109749 0.000869022 0.00220791 0.000802581 0.000848745 0.00234154 0.000954106 0.000829782 0.417591 0.422653
0.425185 0.0022525 0.000834317 0.000809476 0.00217778 0.000760755 0.000836472 0.00263661 0.00114577 0.000881508 0.00222391 0.000817518 0.00084247 0.00234686 0.000946028 0.000844172 0.422653 0.427716
0.430247 0.00226609 0.000845356 0.000826314 0.00219384 0.000769173 0.000854204 0.00263748 0.00116707 0.000877133 0.00224017 0.000814888 0.000834091 0.00235162 0.00094524 0.000841269 0.427716 0.432779
0.435310 0.00228519 0.000849175 0.000843661 0.00221359 0.000772091 0.000860011 0.00265324 0.00116752 0.000890491 0.00225832 0.000820868 0.000837746 0.00237385 0.000941825 0.000847015 0.432779 0.437841
0.440372 0.00229457 0.000867762 0.000857872 0.00222468 0.000786385 0.000846727 0.00265384 0.00115898 0.000891208 0.00226878 0.000838672 0.000851634 0.00237971 0.000962996 0.000842923 0.437841 0.442903
0.445435 0.00231013 0.000872093 0.000873495 0.00224157 0.000803681 0.000848501 0.00266259 0.00115344 0.000891604 0.00228541 0.000843332 0.000867236 0.00239173 0.000965998 0.000844147 0.442903 0.447966
0.450497 0.00232855 0.00086949 0.000888438 0.00226372 0.000812179 0.000865312 0.00266182 0.00117165 0.00088181 0.00230581 0.000847381 0.000883113 0.00240362 0.000946956 0.000852201 0.447966 0.453029
0.455560 0.00235245 0.000861865 0.000905027 0.00228815 0.000807495 0.000881806 0.002683 0.00117104 0.000891153 0.00233163 0.000849417 0.000905643 0.00242116 0.000948868 0.000873911 0.453029 0.458091
0.460622 0.00236667 0.000849555 0.000918267 0.00230319 0.000797064 0.000894758 0.00269301 0.0011849 0.000888613 0.00234825 0.000856052 0.000921197 0.00242745 0.000937798 0.000862272 0.458091 0.463154
0.465685 0.00237661 0.000855277 0.000922787 0.00231451 0.000803631 0.00090696 0.00269581 0.0011756 0.000879561 0.00235837 0.000851518 0.000925449 0.00243681 0.000941353 0.000842425 0.463154 0.468216
0.470747 0.00238698 0.000865649 0.000932876 0.00232766 0.000809103 0.000919181 0.0026919 0.00115937 0.000875284 0.00236923 0.000847327 0.0009368 0.00244555 0.000949976 0.000827965 0.468216 0.473278
0.475810 0.00238816 0.000875474 0.00093329 0.00233231 0.000816389 0.000926338 0.00267528 0.00114637 0.000861338 0.00237158 0.00085068 0.000940735 0.00244289 0.000952564 0.000828015 0.473278 0.478341
0.480872 0.00239819 0.000858476 0.000942047 0.00234388 0.000821338 0.000934785 0.00267735 0.00114644 0.000837518 0.00238401 0.000837724 0.00095009 0.00244498 0.000929728 0.000823707 0.478341 0.483404
0.485935 0.00241783 0.000812145 0.000942863 0.00236536 0.000773233 0.000944537 0.00268756 0.00113961 0.000835913 0.00240515 0.000791674 0.000964333 0.00245968 0.000908272 0.000832108 0.483404 0.488466
0.490997 0.00242866 0.000803674 0.000938949 0.00237803 0.000733638 0.000957775 0.00268895 0.00112874 0.000835597 0.00241945 0.000751351 0.00097369 0.00245907 0.000910057 0.000829466 0.488466 0.493528
0.496060 0.0024391 0.000817892 0.000933326 0.0023907 0.000696028 0.000965022 0.00268794 0.00111548 0.000827573 0.00243138 0.000750337 0.000974135 0.00246461 0.000908915 0.000827576 0.493528 0.498591
0.501122 0.00245261 0.000828167 0.000933542 0.00240433 0.00070919 0.0009696 0.0027008 0.00113657 0.000831195 0.00244643 0.000764554 0.000974731 0.00247304 0.0009164 0.000828056 0.498591 0.503654
0.506185 0.00246965 0.000836261 0.000928795 0.00242395 0.000721763 0.000966412 0.00270456 0.00111473 0.000832052 0.00246392 0.000777712 0.000970837 0.00248857 0.000927829 0.000834598 0.503654 0.508716
0.511247 0.0024841 0.000851953 0.000929758 0.00244001 0.000735253 0.000964902 0.00271071 0.00112254 0.000838894 0.00248065 0.000790569 0.000970817 0.00249545 0.000923024 0.000842077 0.508716 0.513778
0.516310 0.00249741 0.000854319 0.000927215 0.00245408 0.000745787 0.000955044 0.00272018 0.00113245 0.000848439 0.00249413 0.000797226 0.000958331 0.00250825 0.00089994 0.000848374 0.513778 0.518841
0.521372 0.00248699 0.000831146 0.000908034 0.00244366 0.000735441 0.000941588 0.00270974 0.00114654 0.000844708 0.00248415 0.000808603 0.000927079 0.00249637 0.000906347 0.000831721 0.518841 0.523903
0.526435 0.00249941 0.000841179 0.000899493 0.0024568 0.000745685 0.000939901 0.00271851 0.00115964 0.000853304 0.00249716 0.000810711 0.000920363 0.00250684 0.000911714 0.000828478 0.523903 0.528966
0.531497 0.00250501 0.000844795 0.000894518 0.0024635 0.000757847 0.000934001 0.00271836 0.00113429 0.000851593 0.00250415 0.000823637 0.000915445 0.00250782 0.000909307 0.000829434 0.528966 0.534029
0.536560 0.00251932 0.000836513 0.000900905 0.00248028 0.000770526 0.000933271 0.00272002 0.00111524 0.000848767 0.00251915 0.000817843 0.000920762 0.00251989 0.00089728 0.00083236 0.534029 0.539091
0.541622 0.00253636 0.000835717 0.000915486 0.00249876 0.000779495 0.000934616 0.00272966 0.00109424 0.000851327 0.00253912 0.000812683 0.000937975 0.00252724 0.000891461 0.000833466 0.539091 0.544153
0.546685 0.00257699 0.000838156 0.000931002 0.00254416 0.0007766 0.00096006 0.00274579 0.00110107 0.000857164 0.00258226 0.000828713 0.000962775 0.0025596 0.000890872 0.000848152 0.544153 0.549216
0.551747 0.00259271 0.000842724 0.000943414 0.00256232 0.000770161 0.000974378 0.00274894 0.00111229 0.000856081 0.00260117 0.000817521 0.000977848 0.00256482 0.000879438 0.000847121 0.549216 0.554278
0.556810 0.00260682 0.000844429 0.000944095 0.00257841 0.000746713 0.000985672 0.00275282 0.00110471 0.000854291 0.00261654 0.000819754 0.000982624 0.00257472 0.000891631 0.000837229 0.554278 0.559341
0.561872 0.0026231 0.00084743 0.000945712 0.00259652 0.000752275 0.000995666 0.00275974 0.00114758 0.000853213 0.00263411 0.00082375 0.000987618 0.00258676 0.000906675 0.000838456 0.559341 0.564404
0.566935 0.00263587 0.000850478 0.000943396 0.00261127 0.00072114 0.00100477 0.00276235 0.00116722 0.000833873 0.00264952 0.000826156 0.000985647 0.00259082 0.000921826 0.000837084 0.564404 0.569466
0.571997 0.00262951 0.000849286 0.000923155 0.00260552 0.000728049 0.00099403 0.00275279 0.00118059 0.00083691 0.0026446 0.000812136 0.00096889 0.00257969 0.000901434 0.000828436 0.569466 0.574528
0.577060 0.00264951 0.000814767 0.000923951 0.0026269 0.00073359 0.00100564 0.00276576 0.00114122 0.000838143 0.00266547 0.000769058 0.000974149 0.00259682 0.000907123 0.000826411 0.574528 0.579592
0.582123 0.00266344 0.000809809 0.000920452 0.00264234 0.000744363 0.000999832 0.00277188 0.00111479 0.00083347 0.00268035 0.000775854 0.000981703 0.00260762 0.000921022 0.000827389 0.579592 0.584654
0.587185 0.00268078 0.000803519 0.000923631 0.00266336 0.000717994 0.00100666 0.00277032 0.001142 0.000821779 0.00270137 0.000793271 0.000976257 0.00261282 0.000918654 0.000816683 0.584654 0.589717
0.592248 0.0026926 0.000763799 0.000911629 0.00267727 0.000706983 0.00100546 0.00277144 0.001156 0.000819674 0.00271542 0.000765298 0.000964933 0.0026173 0.000910788 0.000810377 0.589717 0.594779
0.597310 0.00271126 0.00075385 0.000901688 0.00269978 0.000694568 0.0010085 0.00277024 0.00117299 0.000809476 0.00273793 0.000739702 0.000961051 0.00262323 0.000901554 0.000807613 0.594779 0.599841
0.602373 0.00272971 0.000761233 0.000911696 0.0027205 0.000673716 0.00100947 0.00277711 0.00118924 0.000788328 0.00275804 0.000729046 0.000955839 0.00263625 0.000898601 0.000805867 0.599841 0.604904
0.607435 0.00274224 0.00073541 0.00092295 0.00273524 0.000678198 0.00100301 0.00277821 0.00118305 0.000776452 0.00277176 0.000688512 0.000937662 0.00264482 0.00089063 0.000815532 0.604904 0.609967
0.612498 0.0027648 0.000726417 0.000933949 0.00276091 0.000655502 0.000999709 0.00278476 0.00119376 0.000762803 0.00279594 0.000656516 0.000945297 0.00266201 0.000851677 0.000810177 0.609967 0.615029
0.617560 0.00278635 0.000706006 0.000942931 0.00278683 0.000608387 0.000995838 0.00278389 0.00121735 0.000757049 0.00282006 0.000655009 0.000960359 0.00267509 0.000818431 0.000820192 0.615029 0.620092
0.622623 0.00278461 0.000707987 0.000928012 0.0027816 0.000599984 0.000963691 0.00280007 0.00125215 0.000748876 0.00281602 0.000654397 0.000946832 0.00268092 0.000788688 0.000816731 0.620092 0.625154
0.627685 0.00278325 0.000723212 0.000897411 0.00277847 0.000591897 0.000933213 0.00280782 0.00125722 0.000747383 0.00281288 0.000721431 0.000931063 0.00268546 0.000777228 0.000814712 0.625154 0.630216
0.632748 0.00278505 0.000757477 0.000877559 0.00277555 0.000637482 0.000901973 0.00283389 0.00128618 0.000728321 0.00281379 0.000764706 0.000919675 0.00269021 0.000818023 0.000809178 0.630216 0.635279
0.637810 0.00278249 0.000781826 0.000895817 0.00277055 0.000681463 0.00089363 0.00284386 0.00133143 0.000726535 0.00280984 0.000783867 0.000891935 0.00269222 0.000865586 0.000805899 0.635279 0.640342
0.642873 0.0027766 0.000794217 0.000883922 0.0027628 0.000730971 0.00087657 0.00284755 0.00135638 0.000728474 0.00280344 0.000802273 0.000883286 0.00268799 0.000872393 0.000784523 0.640342 0.645404
0.647935 0.0027817 0.000807397 0.000872265 0.0027652 0.000766207 0.00086011 0.00286652 0.00135526 0.000732011 0.00280689 0.000820725 0.000880038 0.00269856 0.000860165 0.000784605 0.645404 0.650466
0.652998 0.00278199 0.000820934 0.000860605 0.00276257 0.00077584 0.000859471 0.00288185 0.00135766 0.000746524 0.00280435 0.00083872 0.000872905 0.0027082 0.000887051 0.000776171 0.650466 0.655529
0.658060 0.00279185 0.000841862 0.00084673 0.00276828 0.000779278 0.000847231 0.002913 0.00137642 0.00076433 0.00281264 0.000869033 0.000875364 0.00272324 0.000930073 0.000758332 0.655529 0.660591
0.663123 0.00279867 0.000888751 0.000826072 0.00277153 0.000789479 0.000845964 0.00293817 0.00138593 0.000784039 0.00281852 0.000873686 0.00086472 0.00273315 0.000970324 0.000737743 0.660591 0.665654
0.668185 0.00280968 0.000910108 0.000817295 0.00277928 0.000797497 0.000846435 0.00296599 0.00137294 0.000765324 0.00282734 0.000881124 0.000851291 0.00275141 0.000985877 0.000745964 0.665654 0.670717
0.673248 0.0028186 0.000920921 0.000807752 0.00278295 0.000800295 0.000826081 0.00300184 0.00135153 0.000789082 0.0028332 0.000879033 0.000823344 0.00277042 0.000957361 0.000736361 0.670717 0.675779
0.678310 0.0028243 0.000930052 0.000797755 0.00278571 0.000807287 0.000814135 0.00302266 0.0013899 0.000815815 0.00283778 0.000888054 0.000809973 0.0027798 0.000958054 0.00072683 0.675779 0.680841
0.684006 0.00283697 0.000934802 0.000791729 0.00279526 0.000805999 0.000797693 0.00305134 0.00135618 0.000812024 0.00284823 0.000886879 0.000798571 0.00279978 0.000929542 0.000724689 0.680841 0.687170
0.690967 0.00285639 0.000922175 0.00078321 0.00280912 0.000868387 0.000786561 0.00309937 0.00132237 0.000801075 0.00286597 0.000883692 0.000795529 0.00282476 0.000930618 0.000729521 0.687170 0.694764
0.698560 0.002877 0.000915898 0.00077607 0.00282288 0.00089898 0.000771651 0.0031552 0.0013085 0.000802581 0.00288342 0.000897511 0.000792375 0.0028558 0.000971175 0.000711527 0.694764 0.702357
0.706154 0.00290218 0.000905953 0.000772281 0.00284232 0.000842963 0.000777111 0.00320989 0.00125747 0.000831528 0.00290635 0.000878027 0.000790313 0.00288841 0.00100684 0.000741542 0.702357 0.709951
0.713748 0.00292775 0.000938888 0.000763348 0.00285898 0.000857312 0.000769584 0.00328131 0.00123598 0.000873557 0.00292509 0.000898875 0.000779477 0.00293654 0.000991597 0.000756988 0.709951 0.717545
0.721342 0.00295141 0.00100777 0.000740142 0.00287666 0.000884171 0.000751033 0.00333567 0.00115767 0.000893613 0.00294781 0.00099018 0.000772471 0.00296329 0.000970909 0.000758579 0.717545 0.725139
0.728935 0.00298615 0.000963374 0.000746323 0.0029012 0.000951501 0.000740437 0.00342284 0.0011638 0.000978888 0.00297718 0.00104113 0.000759555 0.00301575 0.000926455 0.000775834 0.725139 0.732732
0.736529 0.0030105 0.00102072 0.000748993 0.00291942 0.000962897 0.000723455 0.00347872 0.00115613 0.00103093 0.0029985 0.00098263 0.000756843 0.00305011 0.000878038 0.000800594 0.732732 0.740326
0.744123 0.00304271 0.00101154 0.000763729 0.00294204 0.000970808 0.000712724 0.00356022 0.00115259 0.00109357 0.00302417 0.000953657 0.000740266 0.00310391 0.000859059 0.000841079 0.740326 0.747920
0.751717 0.00307178 0.000992924 0.000788819 0.0029639 0.000953304 0.000727815 0.00362634 0.00113775 0.00117078 0.00305061 0.000995225 0.000763994 0.00314165 0.000850138 0.000859848 0.747920 0.755513
0.759310 0.00310298 0.000975675 0.000799269 0.00298899 0.000972406 0.000747037 0.00368898 0.001157 0.00123506 0.00307855 0.000985429 0.000770826 0.00318362 0.000853829 0.000905076 0.755513 0.763107
0.766904 0.0031362 0.000970181 0.000799862 0.00301367 0.000958084 0.000723509 0.0037661 0.00116065 0.00129147 0.00310698 0.000970765 0.000776373 0.00323265 0.000856456 0.000937204 0.763107 0.770701
0.774498 0.00316575 0.000966466 0.000822359 0.00303553 0.000969186 0.000736472 0.00383518 0.00114659 0.00138082 0.00313436 0.000982529 0.000789406 0.00326935 0.000862459 0.000962876 0.770701 0.778295
0.782092 0.00319683 0.000924031 0.00083809 0.00305795 0.0010079 0.000756526 0.00391072 0.00112713 0.00146375 0.00315963 0.000993391 0.000807384 0.00331959 0.000843577 0.00101275 0.778295 0.785888
0.789685 0.00323032 0.000958542 0.000864866 0.00308631 0.00103856 0.000736656 0.0039706 0.00105855 0.00153197 0.003189 0.0010136 0.000809676 0.00336668 0.000851808 0.00104277 0.785888 0.793482
0.797279 0.00326733 0.00097907 0.000889577 0.00311543 0.00106788 0.000725023 0.00404816 0.000997026 0.00160321 0.00322023 0.00102479 0.000809517 0.00342279 0.00084366 0.0010664 0.793482 0.801076
0.804873 0.0032963 0.000996225 0.000905504 0.00316127 0.00105026 0.000753084 0.0039904 0.00101339 0.00157707 0.00325732 0.00104508 0.000843825 0.00342496 0.000910388 0.00106727 0.801076 0.808670
0.812467 0.00333381 0.00100682 0.000918369 0.00321007 0.00107001 0.000782516 0.00396995 0.00102643 0.00154832 0.00329919 0.00105881 0.00088167 0.00344808 0.000927789 0.00106568 0.808670 0.816263
0.820060 0.0033658 0.00103681 0.000941228 0.00325735 0.00109528 0.000813582 0.0039233 0.00107224 0.00152792 0.00333774 0.00107685 0.00088527 0.0034584 0.000944325 0.00106793 0.816263 0.823857
0.827654 0.00339622 0.00104894 0.000964177 0.00329926 0.00111215 0.000835778 0.00389465 0.0011328 0.00152266 0.00337446 0.00108643 0.000910786 0.00346804 0.000971437 0.00107858 0.823857 0.831451
0.835248 0.00342341 0.00105376 0.000963928 0.00334369 0.00112668 0.000859536 0.00383319 0.00116095 0.00145226 0.0034073 0.00109877 0.000933235 0.00347657 0.00098852 0.0010634 0.831451 0.839045
0.842842 0.00345586 0.001079 0.000972877 0.00338859 0.00115441 0.00089411 0.00380161 0.00118557 0.00143498 0.00344375 0.00111253 0.000947705 0.00349582 0.00104461 0.00105879 0.839045 0.846639
0.850435 0.0034814 0.00110025 0.000966192 0.00342869 0.00116538 0.000895365 0.00375239 0.00121726 0.00139194 0.00347602 0.001134 0.00093808 0.00349916 0.0010349 0.00108236 0.846639 0.854232
0.858029 0.00350531 0.00111575 0.00095664 0.00346205 0.00115878 0.000891828 0.00372767 0.00130331 0.00137397 0.00350899 0.00113608 0.000941058 0.00349313 0.00105948 0.00108165 0.854232 0.861826
0.865623 0.00353253 0.00112806 0.000986477 0.00349603 0.00114957 0.000918926 0.00372018 0.00133619 0.00137627 0.00354179 0.00116969 0.000961829 0.00350196 0.00109315 0.00109204 0.861826 0.869420
0.873217 0.00355149 0.00115826 0.00101614 0.00354244 0.00118605 0.000939217 0.003598 0.00129191 0.00136055 0.00356511 0.00121851 0.000977242 0.00350653 0.0010889 0.00110696 0.869420 0.877014
0.880810 0.0035777 0.00121266 0.00101444 0.0035962 0.00126082 0.000966133 0.00348257 0.0012167 0.00130973 0.00359929 0.00127269 0.000992316 0.00350642 0.00110812 0.00109327 0.877014 0.884607
0.888404 0.00360113 0.00126401 0.00100426 0.00364858 0.00134076 0.000961166 0.00335718 0.00114895 0.001287 0.00362805 0.00132842 0.000983803 0.00351226 0.00112419 0.00111185 0.884607 0.892201
0.895998 0.00361779 0.00137181 0.000988168 0.00369645 0.00137568 0.00094946 0.00321343 0.00111069 0.00121998 0.00365277 0.00138799 0.000966358 0.00350233 0.00114514 0.00112083 0.892201 0.899795
0.903592 0.00363659 0.00138267 0.00099095 0.00374353 0.00142228 0.000942367 0.00308685 0.00113749 0.00118182 0.00368137 0.00146148 0.000956751 0.00348881 0.00116419 0.00109135 0.899795 0.907389
0.911185 0.00365383 0.00136858 0.000972383 0.00378402 0.00154906 0.000926387 0.00298456 0.00115788 0.00113591 0.00370498 0.00150396 0.000965774 0.00348498 0.00119374 0.0010878 0.907389 0.914982
0.918779 0.00366927 0.00139023 0.00099004 0.00382617 0.0015388 0.000954025 0.00286268 0.00110135 0.00109476 0.00372699 0.00150152 0.000970566 0.00347875 0.00122822 0.00109811 0.914982 0.922576
0.926373 0.00368409 0.00145112 0.000992452 0.00386548 0.00160691 0.00097739 0.0027517 0.0010171 0.00106227 0.00374657 0.00148799 0.000965723 0.0034779 0.00130407 0.00110208 0.922576 0.930170
0.933967 0.00369853 0.00150907 0.000990485 0.00391095 0.00165232 0.00100273 0.00260653 0.000994794 0.000988169 0.00377205 0.00154841 0.000969236 0.00345587 0.00135045 0.0010794 0.930170 0.937763
0.941560 0.00371024 0.00157437 0.000999238 0.00395047 0.00167701 0.000993707 0.00247534 0.000972155 0.000939729 0.00379363 0.00161668 0.000967895 0.00343503 0.0014026 0.00108919 0.937763 0.945357
0.949154 0.00371865 0.00161469 0.000997617 0.00398725 0.00172063 0.000978597 0.00233787 0.000955923 0.000906575 0.00381014 0.0016871 0.000945555 0.00341667 0.00137067 0.00106961 0.945357 0.952951
0.956748 0.00372898 0.00157496 0.000978175 0.00402411 0.00168405 0.000963498 0.00221183 0.000916162 0.000859225 0.00382791 0.00164896 0.000924055 0.00340247 0.00132543 0.00105283 0.952951 0.960545
0.964342 0.00373597 0.00154189 0.000961108 0.00406455 0.00167618 0.0010031 0.00204684 0.000849539 0.000791212 0.00384449 0.00160936 0.000905662 0.0033778 0.00132168 0.00104111 0.960545 0.968138
0.971935 0.00374877 0.00157261 0.000945544 0.00411178 0.00172468 0.00103444 0.00188273 0.000808041 0.000719547 0.00386697 0.00163991 0.000971501 0.00335867 0.00134973 0.00104702 0.968138 0.975732
0.979529 0.00375601 0.00160705 0.000931941 0.00416743 0.00181672 0.00103891 0.0016411 0.00069939 0.000641867 0.00388337 0.00168312 0.000962262 0.00333568 0.00142293 0.00106852 0.975732 0.983326
0.987123 0.00376034 0.00167353 0.000917197 0.00423959 0.00191299 0.00105691 0.00129673 0.000558839 0.000541425 0.00389911 0.00173753 0.000939096 0.00330234 0.00144194 0.00109643 0.983326 0.990920
0.994717 0.00376832 0.00171786 0.00094794 0.00433976 0.00216166 0.00108859 0.000830792 0.000371247 0.000392485 0.00391487 0.00182856 0.000939241 0.00328464 0.00148617 0.0011411 0.990920 0.998514
1.000412 0.0037736 0.00181165 0.000985987 0.00449843 0.00231384 0.00116211 4.75696e-05 2.38966e-05 1.36743e-05 0.00393117 0.00191509 0.000982756 0.00325356 0.00149896 0.00114008 0.998514 1.002310
