#Observed stellar mass range: 10.4 < log10(M*/Msun) < 10.6
#Quenched threshold: Obs. SFR / Obs. SM < 1e-11 / yr
#SFHs in units of observed Msun/yr.
#True SFHs rescaled by average systematic offset of -0.244144 dex to be consistent with average observed stellar mass in bin.
#See documentation for explanation of true vs. observed SFRs and SMs.
#Bestfit galaxies in bin: 11286
#Bestfit SF galaxies in bin: 8732
#Bestfit Q galaxies in bin: 2554
#Bestfit central galaxies in bin: 9250
#Bestfit satellite galaxies in bin: 2036
#Avg_scale_factor <SFH_all> Err+ Err- <SFH_SF> Err+ Err- <SFH_Q> Err+ Err- <SFH_Cen> Err+ Err- <SFH_Sat> Err+ Err- Scale_factor_begin Scale_factor_end
0.028936 0.00021366 0.00012214 0.000211544 0 6.83177e-05 0 0.000944154 0.000230989 0.000935918 0.000198273 0.00013649 0.000196253 0.00028357 0.000104464 0.000283445 0.000000 0.057873
0.059561 0.00408755 0.00510614 0.00390413 0.00168056 0.00153539 0.00162565 0.0123169 0.0218231 0.0117507 0.00396644 0.00568236 0.00377061 0.00463776 0.00513533 0.00451173 0.057873 0.061248
0.062373 0.0129964 0.0110258 0.012289 0.00763117 0.00415839 0.0072996 0.03134 0.0385135 0.0293372 0.0117967 0.0106705 0.0111021 0.0184471 0.0104509 0.0178209 0.061248 0.063498
0.064623 0.0303206 0.0197491 0.027886 0.0207249 0.00909399 0.0193959 0.0631276 0.0571949 0.0576826 0.0287437 0.0193922 0.0263542 0.0374846 0.0216414 0.0352995 0.063498 0.065748
0.066873 0.0458907 0.0262699 0.0398887 0.026151 0.0185419 0.0228526 0.11338 0.0547596 0.100361 0.0423942 0.0259033 0.0366303 0.0617761 0.0233018 0.0557326 0.065748 0.067998
0.069123 0.0624497 0.0410387 0.0525581 0.0337687 0.030055 0.0287987 0.160508 0.0760768 0.13938 0.0580915 0.0425568 0.04869 0.08225 0.035415 0.0723296 0.067998 0.070248
0.071373 0.0992721 0.0535623 0.0816934 0.0541333 0.0435414 0.0428373 0.253599 0.106431 0.218654 0.0965819 0.053453 0.0796712 0.111494 0.0619812 0.0913533 0.070248 0.072498
0.073623 0.139781 0.0652201 0.110584 0.0741325 0.0499635 0.0549195 0.364232 0.0812666 0.298349 0.138032 0.0569038 0.108516 0.147727 0.0889448 0.113078 0.072498 0.074748
0.075873 0.185944 0.052296 0.131344 0.0969804 0.0539364 0.0654695 0.490106 0.0834752 0.379583 0.180768 0.0568732 0.134466 0.209459 0.0644294 0.154789 0.074748 0.076998
0.078123 0.227627 0.0729123 0.154462 0.13312 0.0720398 0.0885503 0.550741 0.0927154 0.406015 0.21592 0.0819533 0.149188 0.280811 0.0682541 0.201568 0.076998 0.079248
0.080373 0.253216 0.0985495 0.162178 0.160092 0.0801977 0.0980477 0.571604 0.174934 0.380945 0.246731 0.108849 0.156562 0.282679 0.096944 0.185658 0.079248 0.081498
0.082904 0.256795 0.106137 0.153121 0.161986 0.0849259 0.0934628 0.58094 0.169378 0.36611 0.249882 0.108116 0.145996 0.288198 0.105364 0.178472 0.081498 0.084311
0.085998 0.366862 0.133585 0.202896 0.224823 0.122048 0.116953 0.852485 0.208576 0.506335 0.358418 0.133116 0.19328 0.405225 0.139921 0.232537 0.084311 0.087685
0.089373 0.440881 0.161172 0.217635 0.267328 0.140614 0.127331 1.03425 0.233923 0.56689 0.429105 0.154484 0.206765 0.494378 0.161247 0.272055 0.087685 0.091061
0.092748 0.558502 0.175419 0.255601 0.329139 0.167282 0.1436 1.34268 0.291489 0.715156 0.542089 0.171843 0.248497 0.633065 0.186797 0.313197 0.091061 0.094435
0.096123 0.712742 0.183656 0.316225 0.418487 0.177858 0.168478 1.71879 0.232136 0.910165 0.679629 0.178675 0.296151 0.863184 0.213044 0.396746 0.094435 0.097811
0.099498 0.856101 0.254805 0.357734 0.535568 0.159664 0.215795 1.95199 0.486747 0.946942 0.806857 0.245508 0.330162 1.07983 0.203653 0.495538 0.097811 0.101186
0.102873 0.997275 0.256605 0.395204 0.625238 0.197699 0.242504 2.26925 0.623016 1.01796 0.967325 0.2677 0.376058 1.13335 0.288685 0.478645 0.101186 0.104560
0.106248 1.15746 0.256477 0.436738 0.720969 0.233528 0.269191 2.64979 0.710315 1.17048 1.13947 0.260897 0.427998 1.23916 0.368694 0.472571 0.104560 0.107936
0.109623 1.33123 0.292554 0.467983 0.805986 0.263447 0.268931 3.12702 0.746769 1.38397 1.3048 0.296869 0.493509 1.4513 0.420945 0.493123 0.107936 0.111310
0.112998 1.60345 0.350852 0.588893 0.926274 0.285538 0.309547 3.91868 0.490162 1.82838 1.53686 0.35366 0.570043 1.90601 0.3364 0.740665 0.111310 0.114686
0.116373 1.83762 0.385127 0.656455 1.05056 0.332671 0.329372 4.52857 0.581738 2.12272 1.74037 0.364305 0.625964 2.27947 0.491141 0.885562 0.114686 0.118060
0.119748 2.04794 0.51527 0.691133 1.1753 0.337328 0.348632 5.03143 0.717239 2.29729 1.93143 0.442412 0.653446 2.57724 0.629227 0.881719 0.118060 0.121435
0.123123 2.25263 0.551292 0.715076 1.30775 0.337431 0.388733 5.48311 0.94998 2.35182 2.16383 0.466641 0.681638 2.65602 0.737731 0.827326 0.121435 0.124811
0.126498 2.49446 0.595006 0.77117 1.44517 0.347644 0.418618 6.08195 1.20994 2.56108 2.37026 0.468232 0.725632 3.05875 0.910465 0.975249 0.124811 0.128185
0.129873 2.74863 0.701992 0.816592 1.65967 0.410141 0.498363 6.47173 1.46888 2.46156 2.60293 0.572307 0.768816 3.4106 1.06468 1.04557 0.128185 0.131561
0.133248 3.02566 0.732959 0.874479 1.86721 0.458519 0.567857 6.9863 1.69638 2.59218 2.86162 0.681626 0.811153 3.77092 1.11336 1.18618 0.131561 0.134935
0.137045 3.34018 0.751857 1.03053 2.10326 0.506779 0.638864 7.56912 1.58247 2.97875 3.14235 0.72616 0.944762 4.23893 1.03617 1.43025 0.134935 0.139154
0.141685 3.82513 0.835242 1.23019 2.34384 0.584067 0.693316 8.88959 2.03894 3.62886 3.53248 0.881614 1.05496 5.1547 1.04515 1.82073 0.139154 0.144217
0.146748 4.27192 0.941239 1.34787 2.55587 0.692663 0.729442 10.139 2.44428 4.13534 3.88775 0.987226 1.11668 6.0173 1.23234 2.29207 0.144217 0.149279
0.151810 4.7867 0.952981 1.47308 2.89243 0.790421 0.847875 11.2631 2.98843 4.49664 4.33302 1.03833 1.25848 6.84789 1.42055 2.6114 0.149279 0.154342
0.156873 5.40052 1.23195 1.70427 3.24318 0.848894 0.958436 12.7764 3.47227 5.2052 4.95126 1.1638 1.52213 7.44162 1.74078 2.68439 0.154342 0.159404
0.161935 5.86751 1.66794 1.79419 3.607 1.01953 1.0559 13.5961 3.98184 5.29146 5.47489 1.35044 1.70765 7.65125 2.31274 2.47448 0.159404 0.164467
0.166998 6.38299 1.85039 1.93963 4.09731 1.1335 1.26873 14.1976 4.70807 5.26294 5.97069 1.62077 1.81317 8.25618 2.3547 2.6308 0.164467 0.169529
0.172060 6.98431 1.92248 2.13117 4.53972 1.31298 1.36398 15.3422 4.63068 5.53842 6.54936 1.88981 1.93756 8.96038 2.79043 2.69709 0.169529 0.174591
0.177123 7.63139 2.19646 2.39497 5.0612 1.43383 1.56039 16.4187 5.01739 5.72424 7.15962 2.0238 2.21084 9.77471 2.94503 2.8556 0.174591 0.179654
0.182185 8.33222 2.14598 2.69301 5.6406 1.49367 1.83598 17.5347 5.2509 6.24741 7.78927 2.16324 2.52548 10.799 2.95533 3.2917 0.179654 0.184716
0.187248 9.122 2.44498 2.93517 6.204 1.63306 2.06528 19.0985 5.40648 6.77265 8.55215 2.18326 2.78087 11.711 3.34975 3.69006 0.184716 0.189779
0.192310 9.81069 2.75443 3.19169 6.71411 1.84058 2.17897 20.3977 5.81837 7.57653 9.20214 2.40005 3.0137 12.5755 3.9575 4.00913 0.189779 0.194842
0.197373 10.5801 2.9417 3.43633 7.36411 1.94395 2.44992 21.5753 5.82799 7.69734 9.91422 2.5905 3.19476 13.6052 3.96904 4.27748 0.194842 0.199904
0.202435 11.3187 3.15851 3.59984 7.9164 2.13182 2.55851 22.951 6.18447 8.13504 10.6522 2.72245 3.33402 14.3468 5.14037 4.34144 0.199904 0.204967
0.207498 12.0422 3.30782 3.69628 8.46372 2.24766 2.65053 24.277 6.32944 8.38687 11.3488 2.986 3.54392 15.1929 5.7013 4.41618 0.204967 0.210029
0.212560 12.9385 3.5308 3.91988 9.08137 2.60318 2.74749 26.1257 6.16326 9.23665 12.2266 3.09514 3.75209 16.1725 5.89946 4.6579 0.210029 0.215091
0.217623 13.9275 3.67614 4.12368 9.76997 2.76428 2.9485 28.1419 5.98483 9.6791 13.1398 3.36734 3.86517 17.5064 5.62772 4.94231 0.215091 0.220154
0.222685 14.6646 4.13067 4.24792 10.383 2.98308 3.08455 29.303 6.20543 9.85099 13.9165 3.8246 3.97018 18.0634 5.93756 4.9799 0.220154 0.225217
0.227748 15.3594 4.34745 4.36578 11.0559 3.06286 3.21791 30.0729 6.73625 9.84354 14.6942 4.1788 4.22274 18.3815 6.19246 4.87633 0.225217 0.230279
0.232810 16.0983 4.56293 4.34664 11.9096 3.20915 3.32035 30.4192 7.08694 9.51421 15.4515 4.53943 4.20345 19.037 5.66226 4.9163 0.230279 0.235342
0.237873 16.7343 4.97571 4.40322 12.6755 3.47527 3.50166 30.6113 7.5487 8.9872 16.1517 4.6321 4.28004 19.3813 5.11938 4.77542 0.235342 0.240404
0.242935 17.5364 5.13743 4.53874 13.5703 3.81204 3.72121 31.0964 7.94258 9.18414 16.9496 4.96958 4.45495 20.2025 5.50263 4.99816 0.240404 0.245467
0.247998 18.3255 5.39076 4.74886 14.6021 3.82216 4.00194 31.0554 8.57192 8.92217 17.7164 5.4605 4.61302 21.0927 5.76446 5.14415 0.245467 0.250529
0.253060 19.1267 5.65639 4.89374 15.5982 4.06393 4.16265 31.1904 9.48512 8.17346 18.5906 5.85677 4.74879 21.5622 5.98943 5.15768 0.250529 0.255592
0.258123 19.8031 6.04738 4.81188 16.5924 4.46179 4.35289 30.7805 9.84277 7.40845 19.4776 6.12584 4.93128 21.282 6.47049 4.71605 0.255592 0.260654
0.263185 20.6921 6.38186 4.81192 17.6396 4.3967 4.53202 31.1285 10.5788 6.75943 20.4052 6.30244 4.73125 21.9956 7.06587 4.70328 0.260654 0.265716
0.268248 21.6269 6.21993 4.8106 18.8454 4.79555 4.73132 31.1369 11.5705 6.66114 21.4534 6.22119 4.83539 22.4153 6.3881 4.43227 0.265716 0.270779
0.273310 22.8114 6.32352 4.98523 20.0702 4.75028 4.955 32.1835 12.1654 7.18964 22.8074 6.33403 5.09821 22.8293 6.85751 4.63355 0.270779 0.275842
0.278373 23.578 6.73887 4.89776 21.2118 5.30534 4.88566 31.6678 12.8564 6.98068 23.7573 6.39132 5.08931 22.7633 6.79044 4.27024 0.275842 0.280904
0.283435 24.7216 7.36855 5.01324 22.6735 5.33658 5.03647 31.7238 12.4843 6.64626 25.1092 7.09135 5.34146 22.9604 6.64292 4.17187 0.280904 0.285967
0.288498 25.8755 7.80365 5.26353 24.2366 5.50621 5.26454 31.4788 12.7053 7.17355 26.4014 7.71154 5.53294 23.486 6.76274 4.38767 0.285967 0.291029
0.293560 27.1296 7.73901 5.544 26.1253 5.48932 5.64404 30.5632 12.1649 7.08644 27.87 8.07348 5.78463 23.7659 6.58591 4.87795 0.291029 0.296091
0.298623 27.905 8.1792 5.55939 28.2958 7.11343 5.69974 26.5689 11.487 5.7478 28.8847 8.38189 5.9246 23.4542 5.82873 4.56605 0.296091 0.301154
0.303685 28.8334 8.06527 5.76787 30.7498 7.72661 6.00928 22.2816 10.5152 4.73998 29.9424 8.78954 6.13484 23.7954 5.6722 5.15693 0.301154 0.306217
0.308748 29.804 8.15348 6.14964 33.2484 8.38978 6.54799 18.0277 8.93917 3.79322 31.283 8.83258 6.50925 23.0845 5.78136 4.74815 0.306217 0.311279
0.313810 30.8519 8.94297 6.35475 35.896 10.0669 7.35635 13.6066 7.22623 2.84498 32.5731 9.2263 6.90581 23.0321 5.8475 4.71006 0.311279 0.316341
0.318873 31.7223 9.25143 6.60076 38.2471 12.0308 7.46349 9.41412 5.70161 2.08554 33.7245 9.82296 7.1369 22.6256 6.53799 4.45441 0.316341 0.321404
0.323935 32.0557 9.91654 6.30586 39.6732 12.4349 7.51912 6.01179 5.11491 1.12248 34.213 10.55 7.01293 22.2546 6.37885 4.18316 0.321404 0.326466
0.328997 32.4108 10.5662 6.30487 41.0188 13.0089 7.98879 2.98049 2.93449 0.870781 34.7289 10.9453 6.98608 21.879 6.3431 4.21537 0.326466 0.331528
0.334060 32.0509 10.5198 6.39279 41.4028 12.7149 8.15331 0.077367 0.0275051 0.0245108 34.5753 10.8107 6.92008 20.5823 6.25579 4.05676 0.331528 0.336591
0.339122 0 0 0 0 0 0 0 0 0 0 0 0 0 0 0 0.336591 0.341653
0.344185 0 0 0 0 0 0 0 0 0 0 0 0 0 0 0 0.341653 0.346716
0.349247 0 0 0 0 0 0 0 0 0 0 0 0 0 0 0 0.346716 0.351779
0.354310 0 0 0 0 0 0 0 0 0 0 0 0 0 0 0 0.351779 0.356841
0.359372 0 0 0 0 0 0 0 0 0 0 0 0 0 0 0 0.356841 0.361903
0.364435 0 0 0 0 0 0 0 0 0 0 0 0 0 0 0 0.361903 0.366966
0.369497 0 0 0 0 0 0 0 0 0 0 0 0 0 0 0 0.366966 0.372028
0.374560 0 0 0 0 0 0 0 0 0 0 0 0 0 0 0 0.372028 0.377091
0.379622 0 0 0 0 0 0 0 0 0 0 0 0 0 0 0 0.377091 0.382154
0.384685 0 0 0 0 0 0 0 0 0 0 0 0 0 0 0 0.382154 0.387216
0.389747 0 0 0 0 0 0 0 0 0 0 0 0 0 0 0 0.387216 0.392278
0.394810 0 0 0 0 0 0 0 0 0 0 0 0 0 0 0 0.392278 0.397341
0.399872 0 0 0 0 0 0 0 0 0 0 0 0 0 0 0 0.397341 0.402404
0.404935 0 0 0 0 0 0 0 0 0 0 0 0 0 0 0 0.402404 0.407466
0.409997 0 0 0 0 0 0 0 0 0 0 0 0 0 0 0 0.407466 0.412529
0.415060 0 0 0 0 0 0 0 0 0 0 0 0 0 0 0 0.412529 0.417591
0.420122 0 0 0 0 0 0 0 0 0 0 0 0 0 0 0 0.417591 0.422653
0.425185 0 0 0 0 0 0 0 0 0 0 0 0 0 0 0 0.422653 0.427716
0.430247 0 0 0 0 0 0 0 0 0 0 0 0 0 0 0 0.427716 0.432779
0.435310 0 0 0 0 0 0 0 0 0 0 0 0 0 0 0 0.432779 0.437841
0.440372 0 0 0 0 0 0 0 0 0 0 0 0 0 0 0 0.437841 0.442903
0.445435 0 0 0 0 0 0 0 0 0 0 0 0 0 0 0 0.442903 0.447966
0.450497 0 0 0 0 0 0 0 0 0 0 0 0 0 0 0 0.447966 0.453029
0.455560 0 0 0 0 0 0 0 0 0 0 0 0 0 0 0 0.453029 0.458091
0.460622 0 0 0 0 0 0 0 0 0 0 0 0 0 0 0 0.458091 0.463154
0.465685 0 0 0 0 0 0 0 0 0 0 0 0 0 0 0 0.463154 0.468216
0.470747 0 0 0 0 0 0 0 0 0 0 0 0 0 0 0 0.468216 0.473278
0.475810 0 0 0 0 0 0 0 0 0 0 0 0 0 0 0 0.473278 0.478341
0.480872 0 0 0 0 0 0 0 0 0 0 0 0 0 0 0 0.478341 0.483404
0.485935 0 0 0 0 0 0 0 0 0 0 0 0 0 0 0 0.483404 0.488466
0.490997 0 0 0 0 0 0 0 0 0 0 0 0 0 0 0 0.488466 0.493528
0.496060 0 0 0 0 0 0 0 0 0 0 0 0 0 0 0 0.493528 0.498591
0.501122 0 0 0 0 0 0 0 0 0 0 0 0 0 0 0 0.498591 0.503654
0.506185 0 0 0 0 0 0 0 0 0 0 0 0 0 0 0 0.503654 0.508716
0.511247 0 0 0 0 0 0 0 0 0 0 0 0 0 0 0 0.508716 0.513778
0.516310 0 0 0 0 0 0 0 0 0 0 0 0 0 0 0 0.513778 0.518841
0.521372 0 0 0 0 0 0 0 0 0 0 0 0 0 0 0 0.518841 0.523903
0.526435 0 0 0 0 0 0 0 0 0 0 0 0 0 0 0 0.523903 0.528966
0.531497 0 0 0 0 0 0 0 0 0 0 0 0 0 0 0 0.528966 0.534029
0.536560 0 0 0 0 0 0 0 0 0 0 0 0 0 0 0 0.534029 0.539091
0.541622 0 0 0 0 0 0 0 0 0 0 0 0 0 0 0 0.539091 0.544153
0.546685 0 0 0 0 0 0 0 0 0 0 0 0 0 0 0 0.544153 0.549216
0.551747 0 0 0 0 0 0 0 0 0 0 0 0 0 0 0 0.549216 0.554278
0.556810 0 0 0 0 0 0 0 0 0 0 0 0 0 0 0 0.554278 0.559341
0.561872 0 0 0 0 0 0 0 0 0 0 0 0 0 0 0 0.559341 0.564404
0.566935 0 0 0 0 0 0 0 0 0 0 0 0 0 0 0 0.564404 0.569466
0.571997 0 0 0 0 0 0 0 0 0 0 0 0 0 0 0 0.569466 0.574528
0.577060 0 0 0 0 0 0 0 0 0 0 0 0 0 0 0 0.574528 0.579592
0.582123 0 0 0 0 0 0 0 0 0 0 0 0 0 0 0 0.579592 0.584654
0.587185 0 0 0 0 0 0 0 0 0 0 0 0 0 0 0 0.584654 0.589717
0.592248 0 0 0 0 0 0 0 0 0 0 0 0 0 0 0 0.589717 0.594779
0.597310 0 0 0 0 0 0 0 0 0 0 0 0 0 0 0 0.594779 0.599841
0.602373 0 0 0 0 0 0 0 0 0 0 0 0 0 0 0 0.599841 0.604904
0.607435 0 0 0 0 0 0 0 0 0 0 0 0 0 0 0 0.604904 0.609967
0.612498 0 0 0 0 0 0 0 0 0 0 0 0 0 0 0 0.609967 0.615029
0.617560 0 0 0 0 0 0 0 0 0 0 0 0 0 0 0 0.615029 0.620092
0.622623 0 0 0 0 0 0 0 0 0 0 0 0 0 0 0 0.620092 0.625154
0.627685 0 0 0 0 0 0 0 0 0 0 0 0 0 0 0 0.625154 0.630216
0.632748 0 0 0 0 0 0 0 0 0 0 0 0 0 0 0 0.630216 0.635279
0.637810 0 0 0 0 0 0 0 0 0 0 0 0 0 0 0 0.635279 0.640342
0.642873 0 0 0 0 0 0 0 0 0 0 0 0 0 0 0 0.640342 0.645404
0.647935 0 0 0 0 0 0 0 0 0 0 0 0 0 0 0 0.645404 0.650466
0.652998 0 0 0 0 0 0 0 0 0 0 0 0 0 0 0 0.650466 0.655529
0.658060 0 0 0 0 0 0 0 0 0 0 0 0 0 0 0 0.655529 0.660591
0.663123 0 0 0 0 0 0 0 0 0 0 0 0 0 0 0 0.660591 0.665654
0.668185 0 0 0 0 0 0 0 0 0 0 0 0 0 0 0 0.665654 0.670717
0.673248 0 0 0 0 0 0 0 0 0 0 0 0 0 0 0 0.670717 0.675779
0.678310 0 0 0 0 0 0 0 0 0 0 0 0 0 0 0 0.675779 0.680841
0.684006 0 0 0 0 0 0 0 0 0 0 0 0 0 0 0 0.680841 0.687170
0.690967 0 0 0 0 0 0 0 0 0 0 0 0 0 0 0 0.687170 0.694764
0.698560 0 0 0 0 0 0 0 0 0 0 0 0 0 0 0 0.694764 0.702357
0.706154 0 0 0 0 0 0 0 0 0 0 0 0 0 0 0 0.702357 0.709951
0.713748 0 0 0 0 0 0 0 0 0 0 0 0 0 0 0 0.709951 0.717545
0.721342 0 0 0 0 0 0 0 0 0 0 0 0 0 0 0 0.717545 0.725139
0.728935 0 0 0 0 0 0 0 0 0 0 0 0 0 0 0 0.725139 0.732732
0.736529 0 0 0 0 0 0 0 0 0 0 0 0 0 0 0 0.732732 0.740326
0.744123 0 0 0 0 0 0 0 0 0 0 0 0 0 0 0 0.740326 0.747920
0.751717 0 0 0 0 0 0 0 0 0 0 0 0 0 0 0 0.747920 0.755513
0.759310 0 0 0 0 0 0 0 0 0 0 0 0 0 0 0 0.755513 0.763107
0.766904 0 0 0 0 0 0 0 0 0 0 0 0 0 0 0 0.763107 0.770701
0.774498 0 0 0 0 0 0 0 0 0 0 0 0 0 0 0 0.770701 0.778295
0.782092 0 0 0 0 0 0 0 0 0 0 0 0 0 0 0 0.778295 0.785888
0.789685 0 0 0 0 0 0 0 0 0 0 0 0 0 0 0 0.785888 0.793482
0.797279 0 0 0 0 0 0 0 0 0 0 0 0 0 0 0 0.793482 0.801076
0.804873 0 0 0 0 0 0 0 0 0 0 0 0 0 0 0 0.801076 0.808670
0.812467 0 0 0 0 0 0 0 0 0 0 0 0 0 0 0 0.808670 0.816263
0.820060 0 0 0 0 0 0 0 0 0 0 0 0 0 0 0 0.816263 0.823857
0.827654 0 0 0 0 0 0 0 0 0 0 0 0 0 0 0 0.823857 0.831451
0.835248 0 0 0 0 0 0 0 0 0 0 0 0 0 0 0 0.831451 0.839045
0.842842 0 0 0 0 0 0 0 0 0 0 0 0 0 0 0 0.839045 0.846639
0.850435 0 0 0 0 0 0 0 0 0 0 0 0 0 0 0 0.846639 0.854232
0.858029 0 0 0 0 0 0 0 0 0 0 0 0 0 0 0 0.854232 0.861826
0.865623 0 0 0 0 0 0 0 0 0 0 0 0 0 0 0 0.861826 0.869420
0.873217 0 0 0 0 0 0 0 0 0 0 0 0 0 0 0 0.869420 0.877014
0.880810 0 0 0 0 0 0 0 0 0 0 0 0 0 0 0 0.877014 0.884607
0.888404 0 0 0 0 0 0 0 0 0 0 0 0 0 0 0 0.884607 0.892201
0.895998 0 0 0 0 0 0 0 0 0 0 0 0 0 0 0 0.892201 0.899795
0.903592 0 0 0 0 0 0 0 0 0 0 0 0 0 0 0 0.899795 0.907389
0.911185 0 0 0 0 0 0 0 0 0 0 0 0 0 0 0 0.907389 0.914982
0.918779 0 0 0 0 0 0 0 0 0 0 0 0 0 0 0 0.914982 0.922576
0.926373 0 0 0 0 0 0 0 0 0 0 0 0 0 0 0 0.922576 0.930170
0.933967 0 0 0 0 0 0 0 0 0 0 0 0 0 0 0 0.930170 0.937763
0.941560 0 0 0 0 0 0 0 0 0 0 0 0 0 0 0 0.937763 0.945357
0.949154 0 0 0 0 0 0 0 0 0 0 0 0 0 0 0 0.945357 0.952951
0.956748 0 0 0 0 0 0 0 0 0 0 0 0 0 0 0 0.952951 0.960545
0.964342 0 0 0 0 0 0 0 0 0 0 0 0 0 0 0 0.960545 0.968138
0.971935 0 0 0 0 0 0 0 0 0 0 0 0 0 0 0 0.968138 0.975732
0.979529 0 0 0 0 0 0 0 0 0 0 0 0 0 0 0 0.975732 0.983326
0.987123 0 0 0 0 0 0 0 0 0 0 0 0 0 0 0 0.983326 0.990920
0.994717 0 0 0 0 0 0 0 0 0 0 0 0 0 0 0 0.990920 0.998514
1.000412 0 0 0 0 0 0 0 0 0 0 0 0 0 0 0 0.998514 1.002310
