#Observed stellar mass range: 8.4 < log10(M*/Msun) < 8.6
#Quenched threshold: Obs. SFR / Obs. SM < 1e-11 / yr
#SFHs in units of observed Msun/yr.
#True SFHs rescaled by average systematic offset of -0.160039 dex to be consistent with average observed stellar mass in bin.
#See documentation for explanation of true vs. observed SFRs and SMs.
#Bestfit galaxies in bin: 235435
#Bestfit SF galaxies in bin: 179775
#Bestfit Q galaxies in bin: 55660
#Bestfit central galaxies in bin: 153474
#Bestfit satellite galaxies in bin: 81961
#Avg_scale_factor <SFH_all> Err+ Err- <SFH_SF> Err+ Err- <SFH_Q> Err+ Err- <SFH_Cen> Err+ Err- <SFH_Sat> Err+ Err- Scale_factor_begin Scale_factor_end
0.028936 1.84029e-09 -1.84029e-09 1.84029e-09 0 0 0 7.78422e-09 -7.78422e-09 7.78422e-09 0 0 0 5.28629e-09 -5.28629e-09 5.28629e-09 0.000000 0.057873
0.059561 1.62352e-08 -1.62352e-08 1.62352e-08 0 0 0 6.86728e-08 -6.86728e-08 6.86728e-08 0 0 0 4.66359e-08 -4.66359e-08 4.66359e-08 0.057873 0.061248
0.062373 2.38504e-08 0 2.38504e-08 0 0 0 1.00884e-07 -7.3563e-08 1.00884e-07 0 0 0 6.85109e-08 0 6.85109e-08 0.061248 0.063498
0.064623 2.14047e-07 1.02079e-07 2.14047e-07 0 0 0 9.05394e-07 2.37112e-08 9.05394e-07 0 0 0 6.14856e-07 3.42326e-07 6.14856e-07 0.063498 0.065748
0.066873 1.32434e-07 1.64861e-07 1.32434e-07 0 0 0 5.60178e-07 4.89027e-07 5.60178e-07 0 0 0 3.80419e-07 4.90882e-07 3.80419e-07 0.065748 0.067998
0.069123 1.02013e-06 1.40024e-06 9.44486e-07 6.58665e-07 9.41879e-07 6.11727e-07 2.18763e-06 3.06943e-06 2.18763e-06 5.38249e-07 9.62982e-07 4.93955e-07 1.92247e-06 2.39627e-06 1.84109e-06 0.067998 0.070248
0.071373 2.50932e-06 4.12739e-06 2.22433e-06 1.03692e-06 1.34743e-06 9.34605e-07 7.26501e-06 1.66426e-05 6.79942e-06 5.81142e-07 8.73738e-07 5.2929e-07 6.11989e-06 1.16877e-05 5.40956e-06 0.070248 0.072498
0.073623 3.93517e-06 2.63356e-06 3.45104e-06 1.88645e-06 1.79099e-06 1.65035e-06 1.05523e-05 8.70894e-06 9.69128e-06 5.91066e-07 7.00965e-07 5.36146e-07 1.01971e-05 8.27923e-06 8.89298e-06 0.072498 0.074748
0.075873 8.10109e-06 4.03059e-06 7.01113e-06 2.87689e-06 2.31918e-06 2.56279e-06 2.49746e-05 1.55332e-05 2.17104e-05 2.40185e-06 2.7262e-06 2.11312e-06 1.87731e-05 1.01225e-05 1.63711e-05 0.074748 0.076998
0.078123 1.72327e-05 9.29563e-06 1.39721e-05 7.91331e-06 4.58199e-06 6.5639e-06 4.73331e-05 2.97721e-05 3.76668e-05 6.2442e-06 5.96285e-06 5.1575e-06 3.78089e-05 2.15335e-05 3.08113e-05 0.076998 0.079248
0.080373 3.26466e-05 2.35668e-05 2.3004e-05 1.68199e-05 7.50314e-06 1.38139e-05 8.37648e-05 8.76825e-05 5.72315e-05 1.28912e-05 1.16726e-05 9.75649e-06 6.96389e-05 5.42671e-05 5.01062e-05 0.079248 0.081498
0.082904 5.38479e-05 3.80773e-05 3.86725e-05 2.98516e-05 1.37454e-05 2.29198e-05 0.000131353 0.000138945 8.76016e-05 1.91856e-05 1.86264e-05 1.37989e-05 0.000118754 8.40518e-05 8.59723e-05 0.081498 0.084311
0.085998 0.00011874 7.40873e-05 8.23953e-05 7.47696e-05 3.43863e-05 5.54253e-05 0.000260759 0.000230735 0.000178454 6.09906e-05 3.63368e-05 4.1664e-05 0.000226877 0.000147115 0.000160291 0.084311 0.087685
0.089373 0.000228422 0.000119355 0.000148816 0.000145358 6.82889e-05 9.93658e-05 0.00049671 0.000360283 0.00032123 0.00012921 6.2185e-05 8.61392e-05 0.000414201 0.00027454 0.000271312 0.087685 0.091061
0.092748 0.000389711 0.000195183 0.000236517 0.000280522 0.000119927 0.000177548 0.000742381 0.000566677 0.000439558 0.000235256 0.00012252 0.000147013 0.000678933 0.000396806 0.000412074 0.091061 0.094435
0.096123 0.000624389 0.000280184 0.000367752 0.000422946 0.00020749 0.000238973 0.00127503 0.000719495 0.000707619 0.000383784 0.00020443 0.000213607 0.00107493 0.000544627 0.000613383 0.094435 0.097811
0.099498 0.000938179 0.000425076 0.000489965 0.000665179 0.000344717 0.000351268 0.00181994 0.00107298 0.000916981 0.000640221 0.000324723 0.000324169 0.00149611 0.000760854 0.000794858 0.097811 0.101186
0.102873 0.00132329 0.000622736 0.000639598 0.000956013 0.000460184 0.000468913 0.00250954 0.00128074 0.00118748 0.00095707 0.000467616 0.000450963 0.00200904 0.00101248 0.000958087 0.101186 0.104560
0.106248 0.0018791 0.000660945 0.000853365 0.00139836 0.000578856 0.000656234 0.00343184 0.00148879 0.00157784 0.0013995 0.000557167 0.000628734 0.00277716 0.00117252 0.00124544 0.104560 0.107936
0.109623 0.00238155 0.000914977 0.00100526 0.00184374 0.000750818 0.000772799 0.00411862 0.00184716 0.00173634 0.00183166 0.000725064 0.000781246 0.00341125 0.00138327 0.00140573 0.107936 0.111310
0.112998 0.00287709 0.00106423 0.00118067 0.00225813 0.000841066 0.000924192 0.00487623 0.00194032 0.00192783 0.00223857 0.000857242 0.000920566 0.00407272 0.00163741 0.00161824 0.111310 0.114686
0.116373 0.00328283 0.00114129 0.00123661 0.00259926 0.00100361 0.000971067 0.00549069 0.00208603 0.0019792 0.00257807 0.00101773 0.000942302 0.00460251 0.00171661 0.00171384 0.114686 0.118060
0.119748 0.00369569 0.00126879 0.00126459 0.00294721 0.00112729 0.00105069 0.00611318 0.00198977 0.00202806 0.00291929 0.00109137 0.00101926 0.00514951 0.00176392 0.00167467 0.118060 0.121435
0.123123 0.00420951 0.00143508 0.00140978 0.00338625 0.00121269 0.00118435 0.00686856 0.0022539 0.00215196 0.00332387 0.00115886 0.00110791 0.0058679 0.00188851 0.00173319 0.121435 0.124811
0.126498 0.00481989 0.00146926 0.00156368 0.00392776 0.00128283 0.00128024 0.00770137 0.00244042 0.00243552 0.00386515 0.00121551 0.00124516 0.00660767 0.00192272 0.00198007 0.124811 0.128185
0.129873 0.00544019 0.00158906 0.00176299 0.00443543 0.00150508 0.00141574 0.00868543 0.00239692 0.00270433 0.00438481 0.00133533 0.00138191 0.00741641 0.0018904 0.00224155 0.128185 0.131561
0.133248 0.00606667 0.00166344 0.00193031 0.00497015 0.00153309 0.00152907 0.00960831 0.00263119 0.00288594 0.00497207 0.00159281 0.0015415 0.00811634 0.00199638 0.0024148 0.131561 0.134935
0.137045 0.00677296 0.0017677 0.00204596 0.00557363 0.00168601 0.00160741 0.0106466 0.00264452 0.0032253 0.00559079 0.00167184 0.00163365 0.00898659 0.00212069 0.00261555 0.134935 0.139154
0.141685 0.00786044 0.0020236 0.00221876 0.00657499 0.0018637 0.00185077 0.0120123 0.00291664 0.00352023 0.00658846 0.00176139 0.00196578 0.0102423 0.00250369 0.00280787 0.139154 0.144217
0.146748 0.00891848 0.00233133 0.00242804 0.00753927 0.00208631 0.0020033 0.0133731 0.00316522 0.00369705 0.00757299 0.00205924 0.00203729 0.0114379 0.00296981 0.00305405 0.144217 0.149279
0.151810 0.00998171 0.00271939 0.0026813 0.00853251 0.00241661 0.00218699 0.0146624 0.0038167 0.00404608 0.00857485 0.00239206 0.00234958 0.0126161 0.00319519 0.00333188 0.149279 0.154342
0.156873 0.010939 0.00284402 0.00279981 0.00945173 0.0027877 0.00240953 0.0157428 0.00448061 0.00412297 0.00950076 0.00283923 0.00248399 0.0136322 0.00353356 0.00347387 0.154342 0.159404
0.161935 0.0117477 0.00326932 0.00296282 0.0101669 0.0029276 0.00260283 0.0168535 0.00503609 0.00451677 0.0101683 0.00282097 0.00257452 0.0147051 0.00365355 0.003687 0.159404 0.164467
0.166998 0.012371 0.00355982 0.00305285 0.0107565 0.00318474 0.00276541 0.0175855 0.00563157 0.0043868 0.0107972 0.00322448 0.00264997 0.0153179 0.00431163 0.00368619 0.164467 0.169529
0.172060 0.0128986 0.00374691 0.0033178 0.0112018 0.00344774 0.00276619 0.0183791 0.00550688 0.00470567 0.0112331 0.00350305 0.00275166 0.0160173 0.00474508 0.00383515 0.169529 0.174591
0.177123 0.0133322 0.00412763 0.00339052 0.0115606 0.00359697 0.00291119 0.0190545 0.00568739 0.00492421 0.0115498 0.00362614 0.0029592 0.0166698 0.00502685 0.00394201 0.174591 0.179654
0.182185 0.0137451 0.00419381 0.0034515 0.0118578 0.00365499 0.00301321 0.0198409 0.00575061 0.00513593 0.0119137 0.00383123 0.00302077 0.0171743 0.0051947 0.00425304 0.179654 0.184716
0.187248 0.0141971 0.00432569 0.00374748 0.0122813 0.00385942 0.00323007 0.0203851 0.00621903 0.00506563 0.0122916 0.00382192 0.00313449 0.0177652 0.0053423 0.00443938 0.184716 0.189779
0.192310 0.0146686 0.00434404 0.00393289 0.0126885 0.00397259 0.00337236 0.0210642 0.00632216 0.00527538 0.0127581 0.00415851 0.00336134 0.0182462 0.00533423 0.00445249 0.189779 0.194842
0.197373 0.0150249 0.00457357 0.00402272 0.0129632 0.00405684 0.0034917 0.021684 0.0064142 0.00567646 0.013056 0.004105 0.00350359 0.0187118 0.00586565 0.00473066 0.194842 0.199904
0.202435 0.0153573 0.0047458 0.0041061 0.0132786 0.00420689 0.00358698 0.0220711 0.00632734 0.00571812 0.0133641 0.00425716 0.00358748 0.0190897 0.00567434 0.00479629 0.199904 0.204967
0.207498 0.015715 0.0045948 0.00425291 0.0136197 0.00419396 0.00372896 0.0224825 0.0062771 0.00613226 0.0137053 0.00422706 0.00368347 0.0194782 0.00544243 0.00505271 0.204967 0.210029
0.212560 0.0161074 0.00471377 0.00436037 0.0139301 0.00415754 0.00382846 0.0231396 0.00655798 0.00645007 0.014065 0.00424435 0.00384371 0.0199318 0.00540329 0.0052565 0.210029 0.215091
0.217623 0.016498 0.00484612 0.00469855 0.0142846 0.00422907 0.00388209 0.023647 0.00701217 0.00653514 0.0144566 0.00430171 0.00399429 0.0203207 0.00564616 0.0055572 0.215091 0.220154
0.222685 0.0167932 0.00473575 0.004943 0.0144709 0.00418032 0.0039165 0.024294 0.00703794 0.00669999 0.0146676 0.00418383 0.00407529 0.0207734 0.00544426 0.0057758 0.220154 0.225217
0.227748 0.0170852 0.004593 0.00489652 0.01475 0.00401709 0.00403099 0.0246275 0.00708249 0.00717025 0.0149742 0.00405086 0.00417959 0.0210382 0.00573141 0.00581925 0.225217 0.230279
0.232810 0.0174761 0.00426035 0.00497205 0.0150735 0.00390156 0.00422655 0.0252363 0.00667108 0.00762729 0.0153001 0.00396917 0.00430719 0.0215507 0.00560555 0.00609119 0.230279 0.235342
0.237873 0.017712 0.00401949 0.0050152 0.0152333 0.00379185 0.00427529 0.0257178 0.00685037 0.00764737 0.0154886 0.00388324 0.00443677 0.0218753 0.00596033 0.0063407 0.235342 0.240404
0.242935 0.0179401 0.00412328 0.00509192 0.0154528 0.00369483 0.00431011 0.0259737 0.00698292 0.00774381 0.0157117 0.00381096 0.00456593 0.0221127 0.00614431 0.00649675 0.240404 0.245467
0.247998 0.0184606 0.00390145 0.00541702 0.0159249 0.003769 0.00450864 0.0266505 0.00741122 0.00807114 0.0161761 0.00390196 0.00477792 0.0227384 0.0057479 0.00671299 0.245467 0.250529
0.253060 0.0187193 0.00402471 0.00559208 0.0161817 0.0040245 0.00461586 0.0269156 0.00738734 0.00820337 0.0164628 0.00402254 0.00486632 0.0229446 0.00595872 0.00670867 0.250529 0.255592
0.258123 0.0190748 0.0041273 0.00566119 0.0164888 0.00410701 0.00473335 0.0274276 0.00696703 0.00848834 0.0168236 0.00410428 0.00498064 0.0232903 0.00593385 0.00700683 0.255592 0.260654
0.263185 0.0192251 0.00432306 0.00583394 0.0166635 0.0038572 0.00481835 0.0274986 0.00691247 0.00852565 0.0169906 0.00415531 0.00499755 0.0234093 0.00596687 0.006991 0.260654 0.265716
0.268248 0.0194072 0.00437247 0.00598451 0.0168396 0.00387392 0.00481156 0.0276999 0.00719893 0.00859469 0.0171606 0.00409716 0.00516566 0.0236139 0.00559591 0.00712934 0.265716 0.270779
0.273310 0.0197233 0.00442461 0.00615777 0.0171122 0.00395805 0.00501098 0.0281568 0.0068704 0.00885579 0.0174702 0.00407092 0.00530704 0.0239421 0.0054156 0.00725961 0.270779 0.275842
0.278373 0.0199825 0.00441215 0.00629112 0.0173331 0.0038348 0.00510032 0.0285399 0.00662224 0.00908162 0.0176805 0.00409071 0.00539274 0.0242931 0.00543239 0.00729145 0.275842 0.280904
0.283435 0.0205461 0.00434994 0.0065764 0.0178183 0.00392251 0.00540853 0.0293567 0.00695938 0.00919579 0.018169 0.00403723 0.00563634 0.0249972 0.00550537 0.00767675 0.280904 0.285967
0.288498 0.0206563 0.00436741 0.00673273 0.0179109 0.00405094 0.00541488 0.0295237 0.00701481 0.00936262 0.0182826 0.00423652 0.00574314 0.025101 0.00583494 0.00776155 0.285967 0.291029
0.293560 0.0209995 0.00426911 0.00692028 0.0182488 0.00424347 0.00549032 0.0298837 0.00686164 0.0094153 0.0186262 0.00406935 0.00596744 0.0254435 0.00617352 0.00796658 0.291029 0.296091
0.298623 0.0213196 0.00427959 0.00708466 0.0185512 0.00424051 0.00565586 0.0302612 0.00652876 0.00972157 0.0189604 0.00411554 0.00612878 0.0257373 0.00652423 0.00814173 0.296091 0.301154
0.303685 0.0216655 0.00454393 0.00710018 0.0188478 0.00427509 0.00581282 0.0307661 0.00662363 0.00992002 0.0193137 0.00420415 0.00621968 0.0260692 0.00638361 0.00830685 0.301154 0.306217
0.308748 0.0219552 0.00481542 0.00723039 0.0191432 0.00452099 0.00607062 0.0310374 0.00687185 0.00980075 0.0196152 0.00440793 0.00644073 0.0263369 0.00668234 0.00845663 0.306217 0.311279
0.313810 0.02222 0.00494866 0.00736517 0.019369 0.00450394 0.00612869 0.0314284 0.00700958 0.00978688 0.0198796 0.00445143 0.00663555 0.0266026 0.00677349 0.00836031 0.311279 0.316341
0.318873 0.0225228 0.00510777 0.00750172 0.0196527 0.00445824 0.00625325 0.0317928 0.00712008 0.010067 0.0202106 0.00474371 0.00684555 0.0268523 0.00679457 0.00841396 0.316341 0.321404
0.323935 0.0228115 0.00507457 0.00760204 0.0199039 0.00462047 0.00643783 0.0322027 0.00739795 0.0102037 0.0204848 0.00485066 0.00702586 0.0271684 0.00684728 0.00847656 0.321404 0.326466
0.328997 0.0230775 0.0053464 0.00771905 0.0201323 0.00477436 0.00659644 0.0325902 0.00747397 0.0104014 0.0207201 0.00494206 0.00719786 0.0274919 0.00703982 0.00858063 0.326466 0.331528
0.334060 0.023361 0.00567011 0.00798229 0.0203696 0.00492723 0.00671079 0.0330231 0.00771041 0.010652 0.0209646 0.00500379 0.00729099 0.0278485 0.00715924 0.00873843 0.331528 0.336591
0.339122 0.0235696 0.00591618 0.00804372 0.0205682 0.00502475 0.00680162 0.0332636 0.00806631 0.0108683 0.021215 0.00513409 0.00735949 0.0279786 0.00710415 0.00893959 0.336591 0.341653
0.344185 0.0239979 0.00569896 0.00820851 0.0209996 0.00517644 0.00710695 0.0336821 0.00835345 0.0107995 0.0216278 0.00538321 0.00755906 0.0284361 0.00728431 0.00912691 0.341653 0.346716
0.349247 0.0242926 0.00596596 0.00832151 0.0213067 0.00531459 0.007287 0.0339365 0.0083872 0.0109985 0.0219692 0.0056597 0.00768936 0.0286431 0.0072335 0.00915322 0.346716 0.351779
0.354310 0.0249418 0.00621392 0.00859573 0.021933 0.00551153 0.00761495 0.0346597 0.00876736 0.0111595 0.0226064 0.00541287 0.00796511 0.0293148 0.0076923 0.00936187 0.351779 0.356841
0.359372 0.025207 0.00627185 0.00869934 0.0221953 0.00532362 0.00767506 0.0349345 0.0092659 0.0111681 0.0228918 0.00544279 0.00807029 0.0295424 0.0079724 0.00939893 0.356841 0.361903
0.364435 0.0255748 0.00612637 0.00884859 0.0225221 0.00502094 0.00780182 0.0354345 0.00964273 0.0114247 0.0232394 0.00556379 0.00819935 0.0299478 0.00808739 0.00952277 0.361903 0.366966
0.369497 0.0259673 0.00621304 0.00889097 0.0229185 0.00517859 0.00802161 0.0358147 0.0103086 0.0114564 0.0236614 0.00568138 0.0083944 0.0302853 0.00846361 0.00964506 0.366966 0.372028
0.374560 0.0262079 0.00619124 0.0090151 0.0231533 0.00535957 0.00822031 0.036074 0.01041 0.0115704 0.0239695 0.0056664 0.00853284 0.0303994 0.008346 0.00994345 0.372028 0.377091
0.379622 0.0265649 0.00625283 0.00901136 0.0235292 0.00549117 0.0083613 0.0363697 0.0104264 0.0116179 0.0243879 0.0057383 0.00874393 0.0306414 0.00826323 0.00997736 0.377091 0.382154
0.384685 0.0269161 0.00631632 0.00916374 0.0238957 0.00550606 0.0084426 0.0366715 0.0106461 0.0117131 0.024793 0.00579048 0.00892197 0.0308916 0.00838531 0.0101272 0.382154 0.387216
0.389747 0.0272802 0.00633191 0.0092652 0.024261 0.00565456 0.00864381 0.037032 0.010962 0.0118935 0.0251744 0.00583946 0.00892389 0.0312234 0.0084353 0.0102498 0.387216 0.392278
0.394810 0.0277447 0.00635622 0.00937665 0.0247307 0.00581252 0.00883598 0.0374797 0.0113951 0.0121198 0.0256514 0.006044 0.00901947 0.0316645 0.00878577 0.0103751 0.392278 0.397341
0.399872 0.0282999 0.00644548 0.0096233 0.0252853 0.00604811 0.00896452 0.0380367 0.0117249 0.0124785 0.0262003 0.00605997 0.0094063 0.0322313 0.00926197 0.0106368 0.397341 0.402404
0.404935 0.0287508 0.00662959 0.0099685 0.0257794 0.00615553 0.00913344 0.0383481 0.0119323 0.0125412 0.0266715 0.00627116 0.00981805 0.0326445 0.00953138 0.0108568 0.402404 0.407466
0.409997 0.0291754 0.00682837 0.0102118 0.0261716 0.00634194 0.00949418 0.0388773 0.0120543 0.012779 0.0270812 0.00644111 0.0100035 0.033097 0.0098597 0.0111378 0.407466 0.412529
0.415060 0.0296218 0.00731902 0.010323 0.026618 0.00647406 0.00988297 0.0393236 0.0120441 0.0130114 0.0275645 0.00658341 0.0102152 0.0334741 0.0100191 0.0112062 0.412529 0.417591
0.420122 0.0300215 0.00767024 0.0104563 0.0270402 0.00658648 0.0100373 0.0396508 0.0120641 0.0130051 0.0279776 0.00667517 0.0102666 0.0338488 0.0103048 0.0111411 0.417591 0.422653
0.425185 0.030669 0.00785548 0.0106456 0.0277085 0.00661202 0.0103052 0.0402311 0.0121562 0.0132907 0.028667 0.00676496 0.0104707 0.0344176 0.0103715 0.0113794 0.422653 0.427716
0.430247 0.0311816 0.00801665 0.0111435 0.0282394 0.00656285 0.0104926 0.0406844 0.0121506 0.0133168 0.0292224 0.00703349 0.0107887 0.0348501 0.0105839 0.0116098 0.427716 0.432779
0.435310 0.0314821 0.00815871 0.0109721 0.0285607 0.00664747 0.0104626 0.0409178 0.0126698 0.0133566 0.0295861 0.00716043 0.0109449 0.0350325 0.0108482 0.0116315 0.432779 0.437841
0.440372 0.0319787 0.008298 0.0111117 0.0290899 0.00663327 0.0106134 0.0413093 0.0130188 0.0135335 0.0301269 0.00728039 0.0109862 0.0354463 0.0106679 0.0117808 0.437841 0.442903
0.445435 0.0324498 0.00844316 0.0111918 0.0295737 0.00655369 0.0107091 0.0417394 0.0133972 0.0134505 0.0306665 0.00742554 0.0109659 0.0357891 0.0103414 0.0121141 0.442903 0.447966
0.450497 0.0328626 0.00854259 0.011289 0.0300177 0.00674071 0.0107096 0.0420512 0.0139743 0.0134256 0.0311199 0.00747832 0.0110581 0.0361257 0.0106792 0.0123559 0.447966 0.453029
0.455560 0.0333372 0.00871282 0.0114795 0.0305573 0.00695973 0.0108965 0.0423159 0.0142147 0.0132903 0.0316098 0.00746936 0.0111488 0.0365716 0.0107504 0.0120501 0.453029 0.458091
0.460622 0.0338342 0.0086447 0.011431 0.0310817 0.00744375 0.0109675 0.0427243 0.014094 0.0134515 0.0321523 0.00768443 0.0112578 0.0369834 0.0107693 0.011988 0.458091 0.463154
0.465685 0.0343354 0.00887266 0.0115471 0.0316438 0.00735631 0.0112833 0.043029 0.0142931 0.0135514 0.0327231 0.00778886 0.0114275 0.0373545 0.0107366 0.0120383 0.463154 0.468216
0.470747 0.0347802 0.00892995 0.0116291 0.0321339 0.00759428 0.0114426 0.0433274 0.0142671 0.0133675 0.0332576 0.00793286 0.0115861 0.0376312 0.0109408 0.0121247 0.468216 0.473278
0.475810 0.0352234 0.00912137 0.0117464 0.032612 0.00777171 0.0114193 0.043658 0.0149388 0.0134161 0.0337667 0.00806928 0.0115799 0.0379511 0.0111031 0.0120966 0.473278 0.478341
0.480872 0.035702 0.00926255 0.0118229 0.0331429 0.00794802 0.0114515 0.0439674 0.0155107 0.0136407 0.0343076 0.00812823 0.0117627 0.038313 0.0111827 0.0123504 0.478341 0.483404
0.485935 0.0361579 0.00946325 0.0117243 0.0336498 0.00806963 0.0115548 0.0442589 0.0157847 0.0136453 0.0348218 0.00828761 0.0118904 0.0386599 0.011218 0.0122486 0.483404 0.488466
0.490997 0.0367267 0.00950481 0.011861 0.0342346 0.008156 0.0117224 0.0447757 0.015919 0.0136958 0.0354509 0.00839266 0.0119785 0.0391156 0.0109731 0.0121446 0.488466 0.493528
0.496060 0.037263 0.0095852 0.0120215 0.0348041 0.00814782 0.0119197 0.0452052 0.0161217 0.0139331 0.0361051 0.00845583 0.0121969 0.0394313 0.0108222 0.0119717 0.493528 0.498591
0.501122 0.0377239 0.00968676 0.0121311 0.0353021 0.00822541 0.0120267 0.0455459 0.0162729 0.0140526 0.0366105 0.0087128 0.0122414 0.0398087 0.0112743 0.0118706 0.498591 0.503654
0.506185 0.0381291 0.00975134 0.0121923 0.0357962 0.00832628 0.0120578 0.0456639 0.016382 0.0140631 0.0371204 0.00894122 0.0122396 0.0400179 0.0117172 0.0119289 0.503654 0.508716
0.511247 0.0385787 0.00983368 0.0122705 0.0362736 0.00836903 0.012103 0.0460238 0.0170353 0.0138055 0.0376584 0.00886899 0.0123134 0.0403019 0.0121408 0.0120246 0.508716 0.513778
0.516310 0.0390393 0.0099443 0.0123796 0.0367509 0.0084852 0.0122193 0.0464309 0.0172373 0.0137576 0.0381974 0.00913056 0.0125265 0.0406158 0.0123589 0.0120682 0.513778 0.518841
0.521372 0.039843 0.010485 0.0126693 0.0376004 0.00815863 0.0126992 0.0470862 0.0176298 0.013712 0.0390549 0.00903566 0.0129634 0.0413186 0.0125458 0.0123257 0.518841 0.523903
0.526435 0.0403175 0.0109611 0.0127955 0.0381477 0.00823761 0.0128715 0.0473256 0.0177561 0.013504 0.03961 0.00938952 0.0133417 0.0416424 0.0129547 0.0124454 0.523903 0.528966
0.531497 0.0407813 0.0110462 0.0128772 0.0386427 0.00829685 0.0129488 0.0476889 0.0180151 0.0135728 0.0401775 0.00975 0.0136332 0.0419119 0.0129121 0.01234 0.528966 0.534029
0.536560 0.0413597 0.011169 0.0131353 0.0392435 0.00818732 0.0131752 0.0481946 0.0179822 0.0139716 0.04078 0.00999399 0.0138437 0.042445 0.0133124 0.0125244 0.534029 0.539091
0.541622 0.0418312 0.0115042 0.0132208 0.0397816 0.00837666 0.013351 0.0484511 0.018335 0.0140204 0.0413181 0.00988085 0.0140078 0.0427919 0.0135335 0.0122923 0.539091 0.544153
0.546685 0.0419946 0.0117498 0.0133288 0.0400065 0.00870543 0.0134241 0.0484159 0.0183615 0.0139349 0.0415765 0.00999373 0.0140479 0.0427776 0.0136184 0.012217 0.544153 0.549216
0.551747 0.0425176 0.011733 0.0135751 0.0405714 0.00894116 0.0136352 0.0488035 0.01846 0.0139485 0.0421883 0.00957356 0.0143156 0.0431342 0.0137345 0.0124153 0.549216 0.554278
0.556810 0.0429493 0.0118403 0.0137574 0.0410867 0.00921552 0.0138148 0.0489653 0.0183206 0.0137823 0.0426915 0.00942079 0.0144389 0.0434321 0.0139329 0.0125087 0.554278 0.559341
0.561872 0.0433865 0.0114076 0.0139535 0.0415941 0.00902264 0.0139064 0.0491756 0.0188658 0.0136085 0.043185 0.00933641 0.0145365 0.0437637 0.0141453 0.0125879 0.559341 0.564404
0.566935 0.043892 0.0111526 0.0141267 0.0421761 0.00838856 0.0141141 0.049434 0.0192284 0.0134373 0.0437783 0.00923461 0.014747 0.0441049 0.0142082 0.0127684 0.564404 0.569466
0.571997 0.044668 0.0112128 0.0142707 0.0430227 0.00795976 0.0144163 0.0499821 0.0193641 0.0133957 0.0446398 0.00888065 0.0149104 0.0447208 0.0142876 0.0129531 0.569466 0.574528
0.577060 0.0451554 0.0114315 0.014372 0.043605 0.0080815 0.0146982 0.050163 0.0190739 0.0135306 0.0451951 0.00894019 0.0150691 0.045081 0.0141082 0.0130372 0.574528 0.579592
0.582123 0.0456603 0.0114621 0.014248 0.0441701 0.00838766 0.0148625 0.0504735 0.0189097 0.0136893 0.0457986 0.00890858 0.0151933 0.0454014 0.0141034 0.013025 0.579592 0.584654
0.587185 0.0461206 0.0113542 0.0145217 0.0447032 0.00868977 0.0149306 0.0506986 0.0188811 0.0134145 0.0463138 0.00896425 0.015219 0.0457589 0.0140373 0.0130059 0.584654 0.589717
0.592248 0.0465742 0.011572 0.0146329 0.0452255 0.00897169 0.015145 0.0509304 0.019589 0.0130485 0.0468495 0.00920613 0.015267 0.0460585 0.014019 0.0129532 0.589717 0.594779
0.597310 0.0469145 0.0117244 0.0146608 0.0456736 0.00911708 0.0152263 0.0509224 0.0196641 0.0128444 0.0473087 0.00957896 0.0154922 0.0461762 0.0142873 0.0128106 0.594779 0.599841
0.602373 0.0474271 0.0119148 0.0146982 0.0462915 0.00930115 0.0154164 0.0510948 0.0205954 0.0125062 0.0479355 0.00987717 0.0157594 0.046475 0.0151509 0.0126043 0.599841 0.604904
0.607435 0.0479917 0.0121101 0.0147241 0.0469444 0.00948424 0.015648 0.0513745 0.0209034 0.0122187 0.0486343 0.0101901 0.0160485 0.0467885 0.0158621 0.0123607 0.604904 0.609967
0.612498 0.0485021 0.012099 0.0148308 0.0475266 0.00969377 0.0158325 0.0516528 0.0217026 0.0119847 0.0492232 0.0104517 0.0162989 0.0471519 0.0159769 0.0123021 0.609967 0.615029
0.617560 0.048904 0.0123512 0.0149245 0.0480557 0.00987747 0.0160201 0.0516438 0.022058 0.011524 0.0497784 0.0107271 0.0165446 0.0472667 0.0160172 0.0123122 0.615029 0.620092
0.622623 0.0490038 0.012627 0.0144733 0.0480881 0.0105739 0.0157402 0.0519613 0.0222496 0.0112938 0.0498978 0.0115458 0.0162186 0.0473296 0.0161949 0.0124139 0.620092 0.625154
0.627685 0.0490145 0.0130627 0.0140881 0.0480371 0.0113197 0.015341 0.0521714 0.0227889 0.0113818 0.049831 0.0124092 0.0158483 0.0474856 0.016396 0.0124764 0.625154 0.630216
0.632748 0.0491319 0.0134105 0.0136647 0.0480534 0.0113544 0.0149232 0.0526151 0.0229875 0.011678 0.0498157 0.0127613 0.0153334 0.0478515 0.0164223 0.0124231 0.630216 0.635279
0.637810 0.0490963 0.013811 0.0135676 0.0478959 0.01216 0.0144903 0.0529732 0.022993 0.0120199 0.049669 0.0136028 0.0148358 0.0480238 0.0164686 0.0121284 0.635279 0.640342
0.642873 0.0491276 0.0142699 0.0132506 0.0477988 0.0129886 0.014018 0.0534193 0.0230122 0.0122728 0.0495522 0.0139303 0.0143747 0.0483324 0.0165791 0.0119736 0.640342 0.645404
0.647935 0.0492219 0.0145283 0.0131521 0.0478612 0.0129394 0.0137601 0.053617 0.0228756 0.0122749 0.049651 0.0131423 0.0141917 0.0484185 0.0166021 0.0120207 0.645404 0.650466
0.652998 0.0492256 0.0147311 0.0132275 0.047742 0.0121296 0.0133829 0.0540176 0.0224266 0.0123903 0.0495872 0.012544 0.0138951 0.0485485 0.0164187 0.0119369 0.650466 0.655529
0.658060 0.0493933 0.0151023 0.0132421 0.0478163 0.0115578 0.0130508 0.0544867 0.0225119 0.0119973 0.0497209 0.0124792 0.0136124 0.0487798 0.0163027 0.0117623 0.655529 0.660591
0.663123 0.0494675 0.0154411 0.0131595 0.0478072 0.011742 0.0129254 0.0548302 0.0220654 0.0119375 0.0497272 0.0130279 0.0133608 0.0489813 0.0161311 0.0115482 0.660591 0.665654
0.668185 0.0497516 0.0154703 0.0129244 0.048065 0.0118941 0.0129194 0.0551994 0.0220774 0.0119757 0.0499531 0.0131636 0.0132787 0.0493743 0.0159383 0.0113447 0.665654 0.670717
0.673248 0.0497433 0.0157951 0.0125582 0.0479812 0.0125354 0.0124 0.0554344 0.0218522 0.0114819 0.0499203 0.0138104 0.0129141 0.0494118 0.0168425 0.0111395 0.670717 0.675779
0.678310 0.0499589 0.0158156 0.0123559 0.0481103 0.012744 0.0122272 0.0559298 0.0215489 0.0111022 0.0500328 0.013933 0.0127943 0.0498206 0.0168358 0.0112733 0.675779 0.680841
0.684006 0.0500945 0.0160695 0.0121728 0.0481654 0.0132254 0.0121202 0.056325 0.0213584 0.0108518 0.0501276 0.0141453 0.0126609 0.0500324 0.0165164 0.0111475 0.680841 0.687170
0.690967 0.0505043 0.0164011 0.0118711 0.0484764 0.0143298 0.0120118 0.057054 0.0212028 0.0116108 0.0503336 0.0147185 0.0126621 0.0508239 0.016612 0.0109528 0.687170 0.694764
0.698560 0.0508112 0.0162498 0.0115259 0.0486995 0.0145521 0.0118192 0.0576316 0.0200469 0.011551 0.0505678 0.015849 0.0123352 0.0512671 0.0169737 0.0106622 0.694764 0.702357
0.706154 0.0510358 0.0161114 0.0112842 0.0487938 0.0153148 0.0116499 0.0582771 0.0190676 0.0117452 0.0506778 0.0163256 0.0119552 0.0517062 0.0163341 0.0107859 0.702357 0.709951
0.713748 0.0513326 0.0160618 0.0110743 0.0490476 0.0154603 0.0112447 0.0587128 0.0190488 0.0126665 0.0509747 0.0166573 0.0116583 0.0520027 0.0159758 0.0108818 0.709951 0.717545
0.721342 0.0516647 0.0158154 0.0108541 0.0492964 0.0163934 0.0108744 0.0593137 0.0188335 0.012941 0.0511572 0.0165493 0.0110224 0.0526149 0.0154968 0.0109636 0.717545 0.725139
0.728935 0.0520553 0.0157908 0.0107023 0.0496128 0.0152443 0.0104021 0.0599446 0.0176888 0.0138455 0.0514958 0.0164668 0.0108203 0.0531032 0.0150812 0.0114864 0.725139 0.732732
0.736529 0.0523692 0.0159044 0.010486 0.0498179 0.0155802 0.00993455 0.0606097 0.0175097 0.0140546 0.0516788 0.0156613 0.0106078 0.0536621 0.0147098 0.0117221 0.732732 0.740326
0.744123 0.0527951 0.0164253 0.0106604 0.0501663 0.0152608 0.00963953 0.0612859 0.0178983 0.0149459 0.0520028 0.0161835 0.0103827 0.0542787 0.0139545 0.0119656 0.740326 0.747920
0.751717 0.053157 0.0169119 0.0111161 0.0505581 0.0160933 0.00956013 0.0615513 0.0175722 0.0153721 0.0523584 0.0167434 0.010062 0.0546524 0.0134054 0.0121959 0.747920 0.755513
0.759310 0.053461 0.016838 0.0110059 0.0506965 0.0161932 0.00946038 0.0623903 0.0163833 0.0162357 0.0525101 0.0166785 0.0103044 0.0552418 0.0130689 0.012672 0.755513 0.763107
0.766904 0.0536045 0.0167129 0.0108143 0.0509713 0.0167425 0.00932517 0.0621095 0.0157104 0.0165316 0.0527346 0.0179331 0.0101354 0.0552333 0.0130396 0.0129893 0.763107 0.770701
0.774498 0.0539724 0.0168126 0.0108643 0.0512176 0.0176138 0.00934058 0.0628702 0.0139866 0.0172219 0.0527429 0.0182193 0.00997724 0.0562748 0.012819 0.0136415 0.770701 0.778295
0.782092 0.0542269 0.0166507 0.0106212 0.0515107 0.0178852 0.00927595 0.063 0.01314 0.0184715 0.0531141 0.0184438 0.0099433 0.0563107 0.0124813 0.0136399 0.778295 0.785888
0.789685 0.0546831 0.0165955 0.0106882 0.0519693 0.0180956 0.00923319 0.0634482 0.0129878 0.0191264 0.0535719 0.0186964 0.00985603 0.0567637 0.0121406 0.0143199 0.785888 0.793482
0.797279 0.0549954 0.0166883 0.0109595 0.0522828 0.0188708 0.00912769 0.0637567 0.011413 0.0200648 0.0537541 0.0188302 0.00984747 0.0573197 0.0119552 0.014989 0.793482 0.801076
0.804873 0.0552387 0.0166741 0.0112252 0.0530365 0.0183424 0.0091839 0.0623515 0.0129772 0.0190043 0.0543075 0.0188585 0.0100766 0.0569824 0.0125006 0.0146337 0.801076 0.808670
0.812467 0.0553656 0.0169547 0.0111035 0.053594 0.0181655 0.0093776 0.0610876 0.0131431 0.0187828 0.0547459 0.0186233 0.00998749 0.056526 0.0129282 0.0138281 0.808670 0.816263
0.820060 0.0555243 0.0171879 0.0108907 0.0541897 0.0184829 0.00947779 0.0598351 0.0138205 0.0178114 0.0550228 0.0184416 0.00973447 0.0564634 0.0131237 0.0138568 0.816263 0.823857
0.827654 0.055591 0.0171738 0.0108506 0.0546275 0.0188605 0.00934196 0.0587032 0.014132 0.0170071 0.0553947 0.0183496 0.0096343 0.0559587 0.0135295 0.0135017 0.823857 0.831451
0.835248 0.0556357 0.0170601 0.0102342 0.0552585 0.0186553 0.00938501 0.0568539 0.0147999 0.0163887 0.0557311 0.0181893 0.00940919 0.055457 0.0139314 0.0131461 0.831451 0.839045
0.842842 0.0557705 0.0173404 0.0105414 0.0557144 0.018544 0.00932521 0.0559518 0.0147792 0.0161532 0.0561417 0.018378 0.00931217 0.0550755 0.0140099 0.0130753 0.839045 0.846639
0.850435 0.0558118 0.0178536 0.0109598 0.0561476 0.0190004 0.00937408 0.0547273 0.0152862 0.0154148 0.0565238 0.0187784 0.00992794 0.0544786 0.0142042 0.0129104 0.846639 0.854232
0.858029 0.0557867 0.0181291 0.0110555 0.056569 0.0188918 0.00969695 0.0532599 0.0152119 0.014654 0.0567744 0.0189445 0.0100137 0.0539371 0.0144217 0.0127526 0.854232 0.861826
0.865623 0.0557141 0.0179967 0.0112207 0.0568455 0.0190514 0.0096885 0.0520595 0.0151841 0.0142426 0.0569966 0.0188788 0.0099906 0.0533125 0.0149009 0.0123859 0.861826 0.869420
0.873217 0.0557008 0.0182547 0.0108274 0.0574656 0.019746 0.00984441 0.0500006 0.0147427 0.0141792 0.0572343 0.019455 0.0100073 0.0528291 0.015793 0.0121913 0.869420 0.877014
0.880810 0.0556288 0.018074 0.0107039 0.0581259 0.0202068 0.010028 0.0475635 0.0138707 0.013433 0.0574897 0.0196022 0.0100479 0.0521442 0.0162646 0.0119753 0.877014 0.884607
0.888404 0.0555249 0.0182637 0.0104768 0.0586815 0.0207959 0.0102037 0.0453296 0.0135666 0.0132145 0.05757 0.0197014 0.0100332 0.0516955 0.0158271 0.0119055 0.884607 0.892201
0.895998 0.055411 0.0181832 0.0103849 0.0592256 0.0208819 0.0104515 0.0430905 0.0125687 0.0125728 0.0576997 0.019976 0.0100894 0.0511254 0.0154375 0.0117436 0.892201 0.899795
0.903592 0.0553093 0.0184881 0.0103307 0.0597539 0.0214066 0.0107007 0.0409539 0.01337 0.0121246 0.0578414 0.0199088 0.00993393 0.0505679 0.016113 0.0115289 0.899795 0.907389
0.911185 0.0551341 0.0183822 0.0103061 0.0602353 0.0218831 0.010812 0.0386579 0.0135376 0.0113407 0.057945 0.0199775 0.0100161 0.0498707 0.0159589 0.011421 0.907389 0.914982
0.918779 0.054982 0.0186401 0.0102891 0.060611 0.0217902 0.0108576 0.0368013 0.0131514 0.0108912 0.0579133 0.0202069 0.00992149 0.0494933 0.0161592 0.0116988 0.914982 0.922576
0.926373 0.054745 0.0185518 0.0104844 0.060974 0.0218479 0.0109652 0.0346264 0.0118039 0.0106771 0.0579732 0.0208953 0.0101067 0.0487002 0.0161982 0.011395 0.922576 0.930170
0.933967 0.0546123 0.0190852 0.0103361 0.0613646 0.02225 0.0112653 0.0328029 0.0113525 0.0106705 0.0580723 0.021511 0.010182 0.0481333 0.0158795 0.0115604 0.930170 0.937763
0.941560 0.0543507 0.0192269 0.0103649 0.0617135 0.0231215 0.0118763 0.0305696 0.0110074 0.0098781 0.0580468 0.022115 0.0102493 0.0474295 0.0158345 0.0114739 0.937763 0.945357
0.949154 0.0540707 0.0200381 0.0103467 0.0619968 0.0236907 0.0122483 0.0284707 0.0108259 0.00918759 0.0580135 0.0228053 0.0103943 0.0466879 0.0161125 0.0114431 0.945357 0.952951
0.956748 0.0539369 0.020573 0.0106165 0.0624119 0.0239066 0.012414 0.026564 0.0103251 0.00878414 0.0580901 0.0225318 0.0109173 0.04616 0.0159064 0.0115519 0.952951 0.960545
0.964342 0.0536297 0.0213332 0.0108353 0.0627649 0.0241965 0.0125865 0.0241244 0.00963577 0.00786783 0.0580253 0.0221642 0.0112552 0.0453989 0.0163562 0.0115591 0.960545 0.968138
0.971935 0.053493 0.0214948 0.0108352 0.0632374 0.0254292 0.01301 0.02202 0.00903244 0.00729626 0.0580217 0.0222725 0.0114675 0.045013 0.0165421 0.0114997 0.968138 0.975732
0.979529 0.0532199 0.0213902 0.0106892 0.0638734 0.0269991 0.0133945 0.0188105 0.00777312 0.00639112 0.058053 0.0219951 0.0115972 0.04417 0.0166534 0.0115667 0.975732 0.983326
0.987123 0.0528724 0.0219212 0.0106523 0.0647086 0.0278514 0.0140179 0.0146431 0.00630855 0.00500192 0.0579559 0.0228772 0.0118201 0.0433535 0.0170794 0.0114556 0.983326 0.990920
0.994717 0.052599 0.0226982 0.010659 0.0660864 0.0286036 0.0151682 0.00903604 0.00434113 0.0031384 0.0578488 0.023944 0.0121452 0.0427685 0.0165903 0.011429 0.990920 0.998514
1.000412 0.0522309 0.0231157 0.0111781 0.068185 0.0302429 0.0161616 0.000701068 0.000298945 0.000178214 0.0577945 0.0249217 0.0122082 0.0418128 0.0163304 0.0112306 0.998514 1.002310
