#Observed stellar mass range: 11.8 < log10(M*/Msun) < 12
#Quenched threshold: Obs. SFR / Obs. SM < 1e-11 / yr
#SFHs in units of observed Msun/yr.
#True SFHs rescaled by average systematic offset of -0.160039 dex to be consistent with average observed stellar mass in bin.
#See documentation for explanation of true vs. observed SFRs and SMs.
#Bestfit galaxies in bin: 195
#Bestfit SF galaxies in bin: 3
#Bestfit Q galaxies in bin: 192
#Bestfit central galaxies in bin: 184
#Bestfit satellite galaxies in bin: 11
#Avg_scale_factor <SFH_all> Err+ Err- <SFH_SF> Err+ Err- <SFH_Q> Err+ Err- <SFH_Cen> Err+ Err- <SFH_Sat> Err+ Err- Scale_factor_begin Scale_factor_end
0.028936 0.0223615 -0.00183288 0.0223444 0 0 0 0.0227109 -0.00106507 0.0226938 0.0236983 -0.00234305 0.0236804 0 0 0 0.000000 0.057873
0.059561 0.449203 0.302213 0.43596 0 0.128527 0 0.456222 0.340664 0.442926 0.474048 0.312625 0.460561 0.0336109 0.146287 0.0329238 0.057873 0.061248
0.062373 0.999877 0.24765 0.957079 0 0.330531 0 1.0155 0.25736 0.971458 1.04311 0.210152 0.998437 0.276735 0.837242 0.263756 0.061248 0.063498
0.064623 1.20637 0.745244 1.12798 0.0915107 0.536053 0.0915107 1.22379 0.86811 1.14304 1.23605 0.661783 1.15973 0.709891 1.14973 0.664522 0.063498 0.065748
0.066873 1.96808 1.22318 1.76695 0.189458 1.1876 0.189458 1.99587 1.34107 1.79229 1.96775 1.24799 1.77212 1.97356 1.4416 1.81767 0.065748 0.067998
0.069123 2.64728 1.2896 2.29605 0.216959 1.37768 0.216959 2.68525 1.49657 2.30064 2.57467 1.42442 2.21794 3.8619 2.62216 3.4816 0.067998 0.070248
0.071373 3.32954 2.2663 2.79236 0.243011 2.33956 0.243011 3.37777 2.07915 2.8512 3.37059 2.16103 2.86012 2.64294 3.16086 2.10462 0.070248 0.072498
0.073623 4.83884 2.66008 3.8686 0.210793 3.95764 0.190193 4.91115 2.76811 3.96458 4.97401 2.49508 3.99959 2.57774 5.98795 1.80131 0.072498 0.074748
0.075873 6.13729 3.67733 4.61197 0.341129 4.01572 0.326446 6.22785 3.79615 4.64709 6.31815 3.2889 4.77998 3.1119 6.77156 2.0052 0.074748 0.076998
0.078123 7.86197 2.86659 5.63317 0.30795 5.17647 0.290714 7.98 3.06127 5.64866 8.09227 2.87985 5.86836 4.00963 11.3548 2.0151 0.076998 0.079248
0.080373 9.53005 3.48835 6.34084 0.693595 5.70761 0.639432 9.66812 3.69287 6.49485 9.71124 3.23812 6.69188 6.49928 14.9101 3.49259 0.079248 0.081498
0.082904 9.41203 4.10892 5.85623 1.13883 5.70018 0.992851 9.5413 3.99418 5.87635 9.28312 3.4045 5.99695 11.5684 14.5989 6.69028 0.081498 0.084311
0.085998 13.6338 4.47338 7.8211 1.71676 7.07688 1.45915 13.82 4.71773 7.95352 13.5457 3.71688 8.09056 15.1081 15.7448 9.72984 0.084311 0.087685
0.089373 16.0517 6.84725 8.20854 2.0414 7.46612 1.74854 16.2707 7.34882 8.30388 16.252 5.86759 8.44226 12.7012 14.4477 6.2598 0.087685 0.091061
0.092748 23.2506 5.00281 12.3332 2.27414 8.13555 1.82763 23.5784 5.63574 12.269 23.9072 4.04933 12.697 12.2682 17.9789 4.7029 0.091061 0.094435
0.096123 22.1966 10.7908 8.54844 5.04044 7.20955 3.93969 22.4647 11.8338 8.61117 22.2585 10.0895 8.72373 21.1618 18.1236 10.5938 0.094435 0.097811
0.099498 29.3182 10.482 12.7232 7.20235 8.86077 5.89534 29.6638 11.6809 12.9237 29.1452 10.4073 12.8318 32.2115 17.5871 16.9438 0.097811 0.101186
0.102873 35.5104 11.6034 15.688 5.85426 14.0296 4.75877 35.9738 12.6027 15.5062 35.0042 11.1954 15.3865 43.9771 25.8823 23.7758 0.101186 0.104560
0.106248 43.6827 13.429 19.138 8.29897 21.5679 7.2774 44.2356 13.2497 19.5492 43.9267 12.9387 20.0724 39.6017 29.7876 15.2915 0.104560 0.107936
0.109623 50.9679 13.7891 22.4823 5.10508 27.2464 3.96563 51.6845 15.5966 22.699 51.8178 13.5163 23.2236 36.752 40.0839 10.6662 0.107936 0.111310
0.112998 59.4887 16.3917 25.1902 5.98153 28.0226 4.49542 60.3247 20.8799 25.0873 60.8316 14.981 26.4606 37.0245 45.7095 8.12191 0.111310 0.114686
0.116373 76.5609 17.9719 34.3093 7.78008 36.4687 5.62291 77.6356 18.3338 34.8443 78.3863 16.3122 36.0187 46.0267 38.8709 13.1913 0.114686 0.118060
0.119748 79.3165 26.2601 31.0608 8.03072 40.2846 5.60731 80.4303 27.5789 30.8454 80.5337 25.8868 32.2871 58.9559 47.8238 22.2411 0.118060 0.121435
0.123123 84.4493 35.0995 29.2719 9.80274 44.7454 6.92676 85.6156 36.6157 28.7382 85.9037 33.5089 30.3103 60.1207 65.5956 16.9964 0.121435 0.124811
0.126498 92.5218 41.4116 29.6016 11.4017 55.0416 8.35287 93.7893 43.1398 29.6681 93.8551 38.768 30.8734 70.219 94.2322 18.0343 0.124811 0.128185
0.129873 114.999 33.7071 40.7243 9.50363 74.303 6.6701 116.647 35.4559 40.7553 116.465 29.4312 42.9252 90.4691 101.177 30.9374 0.128185 0.131561
0.133248 129.077 42.0068 43.8905 10.8527 80.5847 8.81258 130.924 44.3176 44.2496 130.211 37.6233 47.1047 110.099 120.045 32.4841 0.131561 0.134935
0.137045 148.037 35.1137 54.9437 15.8196 83.9883 12.9448 150.103 40.4436 55.4841 149.619 32.8693 57.6561 121.572 128.461 37.6493 0.134935 0.139154
0.141685 191.281 31.133 76.2784 28.2263 77.755 24.5186 193.829 37.0313 79.6146 194.019 29.1071 81.1478 145.484 112.194 49.643 0.139154 0.144217
0.146748 226.244 29.355 91.5532 32.5569 109.181 25.848 229.27 35.0039 93.4641 231.356 26.0142 98.0067 140.737 112.134 48.6194 0.144217 0.149279
0.151810 230.477 43.6705 82.0395 30.3458 109.306 23.6565 233.604 46.0574 84.4944 234.421 42.3385 81.4309 164.511 108.81 68.7476 0.149279 0.154342
0.156873 244.692 65.2553 80.3672 35.0118 124.095 26.6208 247.968 68.9041 82.115 248.94 65.5192 81.7534 173.641 87.9989 74.0057 0.154342 0.159404
0.161935 269.584 64.0963 88.9289 35.9541 139.011 25.9479 273.234 71.235 92.0599 274.298 58.7178 89.7626 190.721 103.762 77.1843 0.159404 0.164467
0.166998 296.345 69.4927 98.8376 36.9158 149.064 26.4897 300.399 76.2028 98.256 301.837 68.2996 101.23 204.477 116.577 85.9748 0.164467 0.169529
0.172060 337.433 66.1905 114.068 36.0847 150.604 26.6829 342.142 84.7961 114.839 344.768 64.4635 118.759 214.75 103.513 89.2637 0.169529 0.174591
0.177123 363.154 70.5947 119.375 42.2858 143.671 28.0611 368.167 80.6497 111.787 370.597 66.256 125.492 238.649 160.9 74.2322 0.174591 0.179654
0.182185 382.27 86.1224 119.737 35.8049 175.435 24.7005 387.684 101.611 122.63 389.37 83.7649 125.158 263.521 173.308 77.6058 0.179654 0.184716
0.187248 406.787 97.9153 129.917 34.9438 207.618 23.0469 412.597 107.136 134.584 413.117 91.6939 135.288 300.916 160.192 95.9518 0.184716 0.189779
0.192310 404.978 111.206 116.094 31.8789 240.918 18.816 410.808 121.486 119.145 409.98 111.236 118.119 321.312 178.045 85.5234 0.189779 0.194842
0.197373 430.619 115.078 120.57 37.7053 269.929 24.3851 436.759 129.306 120.249 434.534 114.25 119.354 365.135 177.426 93.5561 0.194842 0.199904
0.202435 444.252 139.806 117.688 52.9296 255.178 35.7602 450.367 151.431 121.6 447.576 138.051 120.317 388.652 157.238 103.254 0.199904 0.204967
0.207498 441.21 150.609 109.353 78.6328 212.1 52.4733 446.875 172.232 110.406 439.94 150.863 107.934 462.451 159.185 139.922 0.204967 0.210029
0.212560 448.129 156.689 109.774 118.234 197.143 80.4088 453.284 165.507 109.344 445.992 156.989 108.21 483.875 182.999 124.593 0.210029 0.215091
0.217623 460.659 149.678 105.982 157.913 181.463 115.702 465.39 168.201 110.568 457.358 151.426 107.813 515.876 212.533 135.857 0.215091 0.220154
0.222685 476.519 158.002 114.236 232.413 129.802 187.956 480.334 172.145 112.931 472.281 146.184 115.46 547.414 270.233 112.772 0.220154 0.225217
0.227748 481.71 166.183 107.288 312.614 94.8292 252.457 484.353 185.121 109.392 475.494 162.942 106.862 585.694 248.852 140.209 0.225217 0.230279
0.232810 484.454 156.184 108.141 318.273 134.164 243.221 487.05 165.817 109.22 477.31 149.395 107.711 603.946 232.473 152.716 0.230279 0.235342
0.237873 482.314 159.539 104.461 311.897 96.6071 242.725 484.976 176.92 102.032 477.38 157.33 103.149 564.831 237.612 140.041 0.235342 0.240404
0.242935 493.253 173.999 101.953 270.436 134.642 205.635 496.735 188.628 104.067 489.331 169.368 101.157 558.872 189.38 141.068 0.240404 0.245467
0.247998 489.3 153.027 101.699 196.33 174.554 152.761 493.877 171.766 103.072 484.562 155.167 97.8816 568.556 161.667 158.018 0.245467 0.250529
0.253060 472.607 144.772 99.4347 148.703 173.183 115.583 477.668 162.748 100.573 468.244 145.004 96.9075 545.58 199.55 140.174 0.250529 0.255592
0.258123 463.816 151.607 98.9432 129.512 173.114 105.751 469.039 163.084 100.152 457.663 141.828 93.7296 566.739 212.143 153.035 0.255592 0.260654
0.263185 453.404 152.888 93.3757 134.034 174.999 107.314 458.394 161.338 94.5919 448.085 149.587 89.2068 542.38 236.233 141.68 0.260654 0.265716
0.268248 440.425 144.176 90.7106 187.371 115.538 153.149 444.379 160.89 85.8318 434.791 143.142 89.5373 534.671 192.647 171.983 0.265716 0.270779
0.273310 426.083 140.672 87.486 228.471 78.4421 192.938 429.17 152.398 86.1128 421.917 140.426 87.92 495.758 207.64 130.93 0.270779 0.275842
0.278373 402.279 132.917 78.911 268.615 29.418 241.59 404.367 147.727 77.5698 398.527 138.726 77.7859 465.041 178.964 134.909 0.275842 0.280904
0.283435 383.907 139.6 74.4015 281.378 21.6067 249.492 385.509 159.804 73.3634 381.405 142.146 73.9176 425.752 157.997 116.905 0.280904 0.285967
0.288498 372.598 127.291 71.6175 294.779 27.2829 264.863 373.814 149.961 75.2659 368.628 137.836 68.824 438.999 137.962 126.834 0.285967 0.291029
0.293560 360.702 122.146 75.3975 276.591 52.5976 233.929 362.016 136.7 76.4597 357.27 129.856 74.2264 418.113 115.744 135.84 0.291029 0.296091
0.298623 346.226 117.238 70.8522 263.534 56.696 222.924 347.518 126.492 71.5324 344.792 121.972 66.7673 370.211 74.0447 127.797 0.296091 0.301154
0.303685 341.293 105.354 74.3131 226.992 76.8433 188.531 343.078 116.278 73.6042 340.885 106.138 72.9544 348.113 66.2318 111.893 0.301154 0.306217
0.308748 331.193 102.186 73.0785 214.295 80.1235 176.754 333.019 108.285 70.5288 330.536 102.114 71.3226 342.174 67.1111 118.476 0.306217 0.311279
0.313810 323.884 93.4007 72.0815 177.98 107.909 143.51 326.164 102.718 73.4451 323.044 93.9013 71.0664 337.928 81.765 109.174 0.311279 0.316341
0.318873 304.154 89.7421 68.2765 146.439 102.492 98.9334 306.619 100.473 68.8697 303.948 90.3876 68.2014 307.604 92.6498 103.425 0.316341 0.321404
0.323935 285.929 91.4129 63.7862 183.131 47.5489 146.144 287.535 100.915 61.8335 284.923 90.1655 61.5486 302.767 89.8309 87.6618 0.321404 0.326466
0.328997 271.872 84.7415 59.8338 162.8 64.2736 135.238 273.577 93.4493 58.0129 270.689 87.0494 57.0614 291.665 92.7603 91.9939 0.326466 0.331528
0.334060 253.095 82.956 58.2622 160.835 42.3154 141.823 254.537 86.094 56.5449 252.597 82.6749 54.3954 261.42 57.5244 83.3461 0.331528 0.336591
0.339122 237.273 76.3216 54.1993 145.61 40.2291 125.27 238.706 82.5262 54.2701 236.753 76.8676 53.9122 245.981 67.4055 85.3976 0.336591 0.341653
0.344185 230.158 69.4573 56.0145 153.868 30.4032 130.061 231.35 71.8338 54.3663 231.659 70.0006 55.9786 205.046 70.6985 67.7404 0.341653 0.346716
0.349247 219.192 60.048 58.716 155.846 28.1657 134.126 220.181 65.0393 58.8327 221.151 62.1025 59.2923 186.416 61.8301 71.9952 0.346716 0.351779
0.354310 204.709 51.9668 55.8605 156.538 24.4622 137.637 205.461 57.9915 54.4512 206.864 50.5071 55.8401 168.659 57.7965 56.9995 0.351779 0.356841
0.359372 194.424 50.4421 51.7111 180.969 -13.3548 166 194.634 55.6036 50.7206 196.914 49.9042 53.3345 152.777 49.0829 59.7833 0.356841 0.361903
0.364435 188.852 41.1967 53.6396 184.204 -8.30893 166.733 188.925 46.7916 52.1016 191.769 40.3634 54.1907 140.059 44.4166 48.2296 0.361903 0.366966
0.369497 177.165 38.7817 52.6477 149.735 10.0717 132.663 177.593 43.4247 53.1017 180.389 37.2385 54.1683 123.236 44.6918 47.9828 0.366966 0.372028
0.374560 170.022 32.4213 53.5104 169.153 -3.59411 150.085 170.035 38.3185 53.3337 173.671 31.5859 54.1544 108.982 45.2901 47.0028 0.372028 0.377091
0.379622 158.879 31.2485 49.4144 159.561 2.25277 140.651 158.869 37.3791 49.2001 162.033 29.837 50.2882 106.125 46.1776 43.1198 0.377091 0.382154
0.384685 146.882 27.7892 46.9312 152.902 -2.7827 130.374 146.788 32.1435 47.2134 149.757 26.8887 46.3272 98.7926 34.5413 43.072 0.382154 0.387216
0.389747 139.441 24.1123 47.0832 145.963 -8.58946 124.052 139.339 28.2033 48.3477 142.186 23.4084 47.812 93.5231 39.8863 40.7321 0.387216 0.392278
0.394810 126.937 22.0948 43.1693 125.193 -6.21741 111.042 126.964 25.3761 43.6341 129.811 23.2609 44.4481 78.868 31.5469 30.6766 0.392278 0.397341
0.399872 115.461 18.8011 39.8388 108.769 3.70513 92.5784 115.566 21.0659 40.1583 118.732 17.8988 41.6768 60.7536 35.0798 19.293 0.397341 0.402404
0.404935 107.574 16.831 37.9817 113.76 -6.70524 99.1386 107.477 20.159 38.3319 110.718 15.9741 39.8712 54.982 35.1345 21.0926 0.402404 0.407466
0.409997 99.7629 16.5694 35.6788 87.654 2.87426 75.8911 99.9521 19.2234 35.1143 102.843 15.0909 37.0105 48.2457 25.3137 19.3115 0.407466 0.412529
0.415060 92.3391 16.6561 33.4802 81.6709 1.49527 72.1197 92.5057 19.2669 32.4376 95.0737 16.5013 34.3231 46.596 27.8315 16.4425 0.412529 0.417591
0.420122 84.2619 15.7741 30.1026 87.4126 -11.8687 80.9269 84.2127 17.518 30.9501 86.5806 14.598 31.9881 45.4763 23.5833 19.4421 0.417591 0.422653
0.425185 79.208 16.0195 30.1216 84.9043 -15.0381 79.1378 79.119 17.371 29.8697 81.0542 15.9208 30.7868 48.3268 20.059 20.3628 0.422653 0.427716
0.430247 75.2188 15.2147 29.7952 92.3954 -27.0842 84.67 74.9505 19.7529 29.6735 77.2029 14.7649 30.6074 42.0315 17.1898 17.9805 0.427716 0.432779
0.435310 71.1948 13.5766 28.4988 96.2797 -33.6935 91.0168 70.8028 16.7723 28.5563 72.7328 13.4858 29.7012 45.4681 17.9174 20.9183 0.432779 0.437841
0.440372 67.1345 15.1005 25.8009 89.2696 -31.2034 85.5816 66.7886 19.3082 25.4846 68.1565 15.1514 27.748 50.0382 18.0278 23.7914 0.437841 0.442903
0.445435 61.6513 12.8593 24.8131 102.038 -47.4012 98.9275 61.0203 17.3142 23.6343 62.6172 12.8796 24.9969 45.4955 15.2846 27.0685 0.442903 0.447966
0.450497 56.4696 14.506 22.4464 83.9565 -35.7145 80.5538 56.0401 17.8423 21.9518 57.3801 14.5508 23.4808 41.2392 15.8776 24.2965 0.447966 0.453029
0.455560 53.5007 13.3797 20.0105 98.2887 -45.451 92.8157 52.8009 17.4638 20.1641 54.2222 13.3238 21.4877 41.4311 15.0616 27.5675 0.453029 0.458091
0.460622 50.0995 13.382 18.8671 101.357 -51.1058 97.2751 49.2986 16.9705 18.9659 50.6185 13.1572 19.2521 41.4192 12.7408 25.4002 0.458091 0.463154
0.465685 48.1743 11.8305 20.0466 93.8834 -47.1225 90.5315 47.46 14.4704 19.6355 48.6026 11.718 19.7937 41.0086 13.4282 25.8869 0.463154 0.468216
0.470747 46.4585 11.8124 19.2856 85.5036 -41.2687 82.2258 45.8484 13.8902 19.5276 46.8207 11.6132 19.1654 40.3998 13.0206 28.6331 0.468216 0.473278
0.475810 43.8549 10.8413 18.9965 75.954 -34.7083 72.4014 43.3533 13.3636 18.6805 44.7288 10.6158 19.0484 29.2366 12.0666 18.4891 0.473278 0.478341
0.480872 42.401 10.3235 18.2951 42.3773 -8.24598 39.0744 42.4014 12.0394 18.3925 43.5516 10.3514 19.4447 23.155 8.63238 13.3741 0.478341 0.483404
0.485935 39.7577 10.457 17.2929 45.5427 -11.3421 42.8706 39.6673 11.9705 16.903 40.839 10.357 18.099 21.6713 7.61033 12.3239 0.483404 0.488466
0.490997 37.3541 10.8429 15.4466 35.0162 -5.20424 32.0668 37.3906 12.8232 15.5904 38.4003 10.86 16.2333 19.8546 9.23994 9.07501 0.488466 0.493528
0.496060 35.5104 11.0334 14.3469 24.2326 1.69858 22.0383 35.6867 12.7356 14.4119 36.61 10.8913 15.1215 17.118 9.17936 8.37628 0.493528 0.498591
0.501122 33.7222 9.9623 13.935 20.9431 5.53235 19.162 33.9218 11.1697 14.4276 34.667 9.82131 14.5219 17.9182 9.66553 7.85518 0.498591 0.503654
0.506185 32.5961 9.02059 13.8527 22.6712 5.39731 20.1947 32.7512 10.4865 13.7467 33.6368 9.01551 14.4003 15.1884 7.61011 7.12833 0.503654 0.508716
0.511247 31.4009 8.76453 13.0104 20.1233 6.9343 17.7141 31.5771 9.89911 13.4292 32.396 8.78306 13.6236 14.7554 8.49342 7.84243 0.508716 0.513778
0.516310 30.7876 7.5595 13.288 21.6183 2.59168 19.4777 30.9309 9.02832 13.4183 31.7635 7.6401 13.9389 14.4636 7.21312 7.12239 0.513778 0.518841
0.521372 28.7641 7.25521 12.3829 19.3019 2.59878 17.3703 28.9119 9.20362 12.5623 29.595 7.43784 12.8674 14.8644 9.63207 7.64342 0.518841 0.523903
0.526435 26.9745 6.83945 11.9564 18.303 3.54066 16.8672 27.11 8.20101 11.6122 27.7211 6.93219 12.4871 14.4847 8.85625 7.014 0.523903 0.528966
0.531497 24.8771 6.77359 10.6649 19.6106 1.06153 18.5276 24.9594 8.35924 10.7332 25.6074 7.21086 11.0334 12.6603 7.6803 5.54172 0.528966 0.534029
0.536560 24.2847 6.24636 10.8148 19.0493 2.1377 17.4485 24.3665 7.65461 10.9404 24.9583 6.53643 11.2395 13.0179 10.0687 5.92129 0.534029 0.539091
0.541622 23.1914 6.16898 10.041 18.4883 3.18588 17.3441 23.2649 7.35543 10.1469 23.7793 6.67222 10.3642 13.3574 7.37434 6.77435 0.539091 0.544153
0.546685 21.6383 5.61508 9.41251 19.1092 0.263826 17.9047 21.6778 6.85174 9.26729 22.2562 6.17947 9.68179 11.3012 6.96666 5.63353 0.544153 0.549216
0.551747 20.6869 5.42153 8.92258 18.9196 0.365648 18.0908 20.7145 6.15621 8.95525 21.3207 5.95816 9.26027 10.0851 7.39332 4.627 0.549216 0.554278
0.556810 19.9202 5.38468 8.68744 17.7676 0.00717778 17.2246 19.9538 6.08987 8.66898 20.5615 5.85347 8.86872 9.19284 5.64561 4.14049 0.554278 0.559341
0.561872 18.8185 5.43305 7.96922 16.5166 0.123635 15.7457 18.8545 6.10516 7.98677 19.4134 5.62164 8.22694 8.86746 6.53855 3.80733 0.559341 0.564404
0.566935 18.0506 5.12464 7.63827 16.5581 0.181611 15.8118 18.0739 5.78036 7.82621 18.6394 5.2823 7.9158 8.20123 6.20646 3.61108 0.564404 0.569466
0.571997 17.2265 4.96614 7.08518 17.3584 -0.679792 16.541 17.2245 5.60515 7.22518 17.7875 5.16335 7.35562 7.84322 5.02342 3.55183 0.569466 0.574528
0.577060 16.3509 4.66391 6.73824 18.8662 -2.46282 18.2163 16.3116 5.09263 6.59137 16.8905 4.66604 7.02231 7.32549 3.71904 3.18853 0.574528 0.579592
0.582123 15.1388 4.32491 6.21051 24.3795 -9.29821 23.7281 14.9944 4.99031 6.09612 15.6129 4.47976 6.3807 7.2083 2.21509 3.63151 0.579592 0.584654
0.587185 14.6523 3.74489 6.15137 28.3181 -13.2119 27.6917 14.4388 4.80196 6.0394 15.111 4.06088 6.35571 6.98012 2.01524 3.29098 0.584654 0.589717
0.592248 14.1982 3.66638 5.97112 25.5588 -10.6518 24.9474 14.0206 4.65885 5.74687 14.6936 3.96085 6.23287 5.91078 2.84011 2.35583 0.589717 0.594779
0.597310 13.3462 3.95713 5.48044 22.425 -9.03124 21.7998 13.2044 4.60419 5.31048 13.7954 4.08041 5.79778 5.83252 3.00082 2.2666 0.594779 0.599841
0.602373 12.855 3.64522 5.21355 21.0789 -8.50815 20.5146 12.7266 4.53903 4.94377 13.2718 3.77592 5.44671 5.88347 2.87697 2.59847 0.599841 0.604904
0.607435 12.0678 3.77702 4.59922 18.0212 -6.20372 17.4653 11.9748 4.49783 4.41919 12.4626 3.79909 4.79836 5.46439 2.28998 2.28534 0.604904 0.609967
0.612498 11.461 3.84246 4.28261 18.4863 -7.41321 17.9552 11.3512 4.4267 3.92251 11.8424 3.91691 4.51226 5.08137 2.73801 1.78963 0.609967 0.615029
0.617560 10.8413 3.76637 3.77298 17.5681 -6.74129 16.9278 10.7362 4.60673 3.45532 11.1634 3.8234 3.98408 5.45455 2.45713 2.33984 0.615029 0.620092
0.622623 10.6366 3.85641 3.70369 18.0952 -6.94742 17.3382 10.5201 4.39613 3.41858 10.9365 4.07323 3.81906 5.62019 2.45876 2.51979 0.620092 0.625154
0.627685 10.1264 4.03534 3.57947 14.9463 -4.77096 14.1123 10.0511 4.48332 3.52065 10.3828 4.27144 3.62883 5.83831 2.41209 2.86922 0.625154 0.630216
0.632748 9.87349 3.64399 3.36887 15.3424 -4.61887 14.65 9.78804 4.09912 3.26263 10.0997 3.81167 3.47016 6.08912 2.35818 2.89988 0.630216 0.635279
0.637810 9.42548 3.59726 3.2299 14.0051 -4.12833 13.2972 9.35393 3.80693 3.06146 9.60541 3.71559 3.27168 6.41581 2.15215 3.61909 0.635279 0.640342
0.642873 8.94979 3.58542 2.92982 13.1977 -3.6069 12.5711 8.88341 4.21231 2.92642 9.15348 3.67064 2.94705 5.5425 2.75658 2.77955 0.640342 0.645404
0.647935 8.84497 3.44538 2.9642 10.8241 -2.0464 10.2128 8.81404 3.83514 2.83802 9.08018 3.6515 2.89955 4.91055 2.72767 2.13862 0.645404 0.650466
0.652998 8.25889 3.51501 2.77434 10.6774 -2.52896 10.0259 8.2211 4.00283 2.72304 8.50529 3.49747 2.82275 4.13733 3.08637 1.85788 0.650466 0.655529
0.658060 8.00021 3.61417 2.58501 10.6532 -2.61196 10.0783 7.95876 3.87523 2.49154 8.23183 3.57828 2.58313 4.12592 2.99054 1.8423 0.655529 0.660591
0.663123 7.86444 3.05876 2.69743 9.86834 -2.26348 9.28645 7.83313 3.53542 2.59509 8.07265 2.98858 2.69175 4.38166 2.59369 2.05446 0.660591 0.665654
0.668185 7.68329 2.75764 2.75201 8.38997 -1.23113 7.87179 7.67225 3.10053 2.69273 7.89765 2.66419 2.77365 4.09758 2.70532 1.83616 0.665654 0.670717
0.673248 7.29281 2.95579 2.54057 8.68269 -1.94282 8.26337 7.27109 3.04712 2.55883 7.44884 2.81422 2.56082 4.68283 3.50243 2.19688 0.670717 0.675779
0.678310 7.00888 2.90174 2.50233 7.64493 -1.53108 7.2394 6.99894 3.23431 2.38645 7.18428 2.85433 2.55194 4.07499 2.44932 1.76982 0.675779 0.680841
0.684006 6.69125 2.39334 2.50077 7.84794 -1.34791 7.35458 6.67317 2.83205 2.43338 6.84353 2.42059 2.5595 4.14401 1.95163 1.94188 0.680841 0.687170
0.690967 6.15927 2.28761 2.44197 6.49648 -0.25058 5.9226 6.154 2.46417 2.37758 6.29684 2.22855 2.43524 3.85804 1.82627 1.71695 0.687170 0.694764
0.698560 5.83926 2.52473 2.15413 5.67852 -0.0471068 5.22418 5.84177 2.63944 2.22396 5.96227 2.52831 2.24203 3.78161 2.00676 1.87805 0.694764 0.702357
0.706154 5.78793 1.99182 2.24949 5.98489 -0.571955 5.40166 5.78485 2.27997 2.27013 5.90524 2.01809 2.34651 3.82564 2.30619 1.64493 0.702357 0.709951
0.713748 5.41931 1.9234 2.04063 6.09518 0 5.49648 5.40874 2.17147 1.94517 5.59061 1.92389 2.1021 2.55377 1.85947 0.772914 0.709951 0.717545
0.721342 5.26928 1.56217 1.86797 6.24489 -0.28095 5.7634 5.25403 2.00561 1.92138 5.4303 1.55645 1.97659 2.57578 1.23046 0.900813 0.717545 0.725139
0.728935 4.75236 1.60284 1.66801 5.92433 -0.0487594 5.49824 4.73405 1.94622 1.66873 4.8745 1.61904 1.7254 2.70937 1.31407 0.832121 0.725139 0.732732
0.736529 4.61936 1.53831 1.56316 4.9974 0.411025 4.57642 4.61345 1.7707 1.62435 4.74667 1.56447 1.60672 2.48986 1.12879 0.843664 0.732732 0.740326
0.744123 4.28028 1.65231 1.39782 5.38546 -0.202661 4.99847 4.26301 1.87233 1.44436 4.39715 1.64308 1.45417 2.32533 1.15435 0.597667 0.740326 0.747920
0.751717 4.30645 1.53866 1.45945 4.8443 0.279052 4.54158 4.29804 1.61222 1.44042 4.43293 1.52968 1.51421 2.19067 0.796191 0.701621 0.747920 0.755513
0.759310 4.16273 1.40392 1.42412 5.11141 -0.325313 4.8302 4.14791 1.51358 1.40232 4.28272 1.36545 1.47371 2.15575 1.09018 0.604603 0.755513 0.763107
0.766904 4.02005 1.42525 1.39289 5.73843 -1.12764 5.48718 3.9932 1.56701 1.34831 4.12102 1.42253 1.41373 2.33105 0.680455 0.915093 0.763107 0.770701
0.774498 3.84059 1.49982 1.173 4.15203 0.266123 3.74506 3.83572 1.62249 1.19044 3.96405 1.50692 1.23588 1.77539 0.940134 0.486034 0.770701 0.778295
0.782092 3.77085 1.37225 1.19282 3.12372 1.03588 2.76062 3.78096 1.46315 1.20491 3.87002 1.4117 1.22498 2.11202 0.934799 0.653397 0.778295 0.785888
0.789685 3.54357 1.28698 1.04759 4.23611 -0.100907 3.89375 3.53275 1.37222 1.08349 3.6471 1.29816 1.1245 1.81188 0.883604 0.425961 0.785888 0.793482
0.797279 3.34637 1.22245 0.992979 3.53969 0.149882 3.21642 3.34335 1.3006 1.01302 3.45242 1.22711 1.03821 1.57235 0.93236 0.267954 0.793482 0.801076
0.804873 3.21015 1.29529 0.945914 2.9371 0.568177 2.61449 3.21441 1.3901 0.945049 3.31061 1.30928 0.989163 1.52969 1.04445 0.250552 0.801076 0.808670
0.812467 3.09184 1.04018 0.944092 3.21052 0.188587 2.87555 3.08998 1.15416 0.970421 3.1933 1.02747 0.996547 1.39458 0.783494 0.229474 0.808670 0.816263
0.820060 2.99885 1.04603 0.82364 3.05825 0.448662 2.64642 2.99792 1.1635 0.887854 3.09505 1.02535 0.871285 1.38974 0.880489 0.199411 0.816263 0.823857
0.827654 2.77066 1.08615 0.764098 3.09623 0.202115 2.79432 2.76558 1.13457 0.764491 2.85194 1.10323 0.803321 1.41107 0.756965 0.286131 0.823857 0.831451
0.835248 2.83464 1.00634 0.833259 3.01085 0.110406 2.67677 2.83188 1.05141 0.864564 2.90426 1.01009 0.865924 1.67001 0.705854 0.410354 0.831451 0.839045
0.842842 2.8495 0.960583 0.855451 2.59245 0.488823 2.25964 2.85352 0.959496 0.889531 2.94024 0.925856 0.900961 1.33179 0.633756 0.238985 0.839045 0.846639
0.850435 2.81978 0.86747 0.867693 2.43051 0.948525 2.18232 2.82586 0.934891 0.910373 2.91364 0.859791 0.910747 1.24976 0.649158 0.25305 0.846639 0.854232
0.858029 2.69998 0.885397 0.80622 2.65992 0.585943 2.47877 2.70061 0.939572 0.827727 2.79122 0.899609 0.878844 1.1737 0.724596 0.138476 0.854232 0.861826
0.865623 2.63542 0.86614 0.723396 2.24776 0.801891 2.14029 2.64147 0.83817 0.743343 2.70779 0.887108 0.755607 1.42484 0.756264 0.274553 0.861826 0.869420
0.873217 2.47358 0.830122 0.647111 2.73018 0.314811 2.59034 2.46957 0.845092 0.649815 2.54055 0.828473 0.677737 1.35332 0.628972 0.226685 0.869420 0.877014
0.880810 2.47863 0.812782 0.691156 3.81787 -0.510248 3.58231 2.4577 0.86309 0.684955 2.54425 0.833465 0.73467 1.38089 0.891506 0.188097 0.877014 0.884607
0.888404 2.31275 0.91033 0.543367 3.25778 -0.182714 3.09461 2.29798 0.915848 0.562285 2.38198 0.887829 0.563286 1.15472 0.871698 0.0643487 0.884607 0.892201
0.895998 2.30614 0.867753 0.599836 3.24557 0.336542 2.93894 2.29146 0.883221 0.606803 2.37642 0.911208 0.64521 1.13043 0.604198 0.14842 0.892201 0.899795
0.903592 2.2095 0.955827 0.504953 3.73698 -0.0623329 3.45154 2.18563 0.940427 0.526623 2.27323 0.963751 0.521065 1.14347 0.530424 0.192991 0.899795 0.907389
0.911185 2.24366 0.857847 0.544416 4.17848 0.768503 3.93285 2.21343 0.870517 0.603622 2.30375 0.898128 0.578892 1.2385 0.553859 0.255594 0.907389 0.914982
0.918779 2.25667 0.920478 0.549994 3.29573 1.15935 2.92372 2.24043 0.927076 0.553959 2.31992 0.938889 0.579495 1.19858 0.494559 0.222125 0.914982 0.922576
0.926373 2.07258 0.97673 0.428872 3.45593 0.739421 3.01393 2.05096 0.900256 0.479074 2.12674 0.974914 0.445666 1.16653 0.493898 0.231059 0.922576 0.930170
0.933967 2.03767 0.928544 0.438031 3.6866 0.597964 3.3509 2.0119 0.842226 0.498736 2.07687 0.96416 0.471727 1.38201 0.569932 0.324822 0.930170 0.937763
0.941560 2.04865 1.01599 0.484683 4.10693 1.26275 3.85739 2.01649 0.889887 0.504655 2.10834 1.01314 0.5233 1.05031 0.710082 0.0929931 0.937763 0.945357
0.949154 2.0243 1.01896 0.503941 2.66521 2.117 2.39688 2.01429 0.854759 0.533702 2.06463 1.01646 0.497387 1.34964 0.779405 0.311204 0.945357 0.952951
0.956748 1.94303 0.954996 0.454072 2.65289 2.24046 2.33148 1.93194 0.77706 0.487626 1.98848 0.962302 0.502057 1.18288 0.599991 0.238445 0.952951 0.960545
0.964342 1.96818 1.04991 0.500377 2.27536 2.69748 1.79622 1.96339 0.827663 0.531125 1.99496 1.07947 0.518408 1.52039 0.644333 0.417023 0.960545 0.968138
0.971935 1.95894 1.2067 0.517067 2.67384 3.53652 2.42534 1.94777 0.97204 0.514958 1.98162 1.24666 0.509942 1.57949 0.940763 0.454746 0.968138 0.975732
0.979529 1.93336 1.09054 0.505322 1.82095 4.22384 1.45973 1.93512 0.916621 0.535228 1.96181 1.10755 0.510407 1.45747 0.658155 0.372873 0.975732 0.983326
0.987123 1.87262 1.25998 0.522583 1.62569 4.77596 1.38305 1.87648 0.946649 0.56025 1.90821 1.25247 0.5452 1.27724 0.619588 0.327427 0.983326 0.990920
0.994717 1.74893 1.15257 0.453479 1.94809 4.32583 1.6831 1.74581 0.764946 0.496776 1.78858 1.23264 0.469142 1.08566 0.371089 0.337317 0.990920 0.998514
1.000412 1.64181 1.24459 0.421069 2.73335 5.99171 2.19166 1.62475 0.680662 0.472842 1.67347 1.30458 0.438633 1.11212 0.480344 0.266262 0.998514 1.002310
