#Observed stellar mass range: 10.8 < log10(M*/Msun) < 11
#Quenched threshold: Obs. SFR / Obs. SM < 1e-11 / yr
#SFHs in units of observed Msun/yr.
#True SFHs rescaled by average systematic offset of -0.160039 dex to be consistent with average observed stellar mass in bin.
#See documentation for explanation of true vs. observed SFRs and SMs.
#Bestfit galaxies in bin: 23443
#Bestfit SF galaxies in bin: 9672
#Bestfit Q galaxies in bin: 13771
#Bestfit central galaxies in bin: 16934
#Bestfit satellite galaxies in bin: 6509
#Avg_scale_factor <SFH_all> Err+ Err- <SFH_SF> Err+ Err- <SFH_Q> Err+ Err- <SFH_Cen> Err+ Err- <SFH_Sat> Err+ Err- Scale_factor_begin Scale_factor_end
0.028936 0.000311233 -5.55029e-05 0.000304691 0 1.84202e-05 0 0.000529826 -0.000118989 0.000520249 0.000310534 -0.000140433 0.000308814 0.000313051 0.000324621 0.000310854 0.000000 0.057873
0.059561 0.00543246 0.00520639 0.00525091 0.00294364 0.00103764 0.00288731 0.00718047 0.00614565 0.00697759 0.00666325 0.00373624 0.00649201 0.00223039 0.00658087 0.00206629 0.057873 0.061248
0.062373 0.0089198 0.00882214 0.00832867 0.00505781 0.00210944 0.00484151 0.0116322 0.0136845 0.0108828 0.00875876 0.00653914 0.00827555 0.00933875 0.0158869 0.00874109 0.061248 0.063498
0.064623 0.0227848 0.00820653 0.0208128 0.0117174 0.0017522 0.0109289 0.030558 0.015479 0.0279041 0.0227226 0.00413781 0.0210674 0.0229468 0.0223206 0.0210527 0.063498 0.065748
0.066873 0.0396305 0.00882256 0.035258 0.0213885 0.00250179 0.0193324 0.0524427 0.0138973 0.0470193 0.0430467 0.0068289 0.0386034 0.0307426 0.0177463 0.0273982 0.065748 0.067998
0.069123 0.0486055 0.021234 0.0413569 0.0261755 0.00098159 0.0221644 0.064359 0.0292629 0.0553889 0.0496734 0.0189417 0.0425889 0.0458271 0.0245058 0.0386887 0.067998 0.070248
0.071373 0.0682387 0.0274569 0.0564209 0.0348079 0.00497982 0.0292594 0.0917187 0.035332 0.0775256 0.0634632 0.026131 0.0524206 0.0806628 0.0236433 0.068061 0.070248 0.072498
0.073623 0.0912387 0.0242562 0.0717756 0.0375718 0.0123542 0.0287187 0.128931 0.0200527 0.102566 0.0773758 0.0323881 0.0591347 0.127305 0.0108617 0.104529 0.072498 0.074748
0.075873 0.115143 0.0441643 0.0840091 0.0517668 0.0207095 0.0364023 0.159655 0.0536513 0.119577 0.10063 0.0481908 0.0708584 0.1529 0.0357515 0.11411 0.074748 0.076998
0.078123 0.13811 0.0602477 0.0921134 0.0644556 0.0260091 0.0419204 0.189841 0.0775662 0.133388 0.125973 0.0614992 0.0826528 0.169688 0.053654 0.116838 0.076998 0.079248
0.080373 0.16697 0.0663806 0.106193 0.0837163 0.0324078 0.0521157 0.225442 0.0917012 0.153048 0.151895 0.0673665 0.0942209 0.206189 0.0475582 0.137644 0.079248 0.081498
0.082904 0.175218 0.0640874 0.108146 0.0864458 0.0386497 0.0477932 0.237566 0.086222 0.150645 0.158898 0.0724159 0.0924307 0.217676 0.0541054 0.137891 0.081498 0.084311
0.085998 0.254378 0.0839894 0.137094 0.127124 0.0439048 0.0663486 0.343754 0.120118 0.202122 0.231206 0.0977488 0.118337 0.314663 0.050276 0.187607 0.084311 0.087685
0.089373 0.31398 0.112882 0.149388 0.165849 0.0499274 0.0836569 0.418019 0.139572 0.217231 0.29365 0.13294 0.131283 0.36687 0.0805418 0.204993 0.087685 0.091061
0.092748 0.396757 0.142553 0.183466 0.205629 0.0662492 0.0888737 0.530995 0.188278 0.266975 0.370591 0.161318 0.157517 0.464831 0.0971417 0.247631 0.091061 0.094435
0.096123 0.471816 0.159419 0.198705 0.242005 0.0726011 0.0956309 0.633224 0.199213 0.297679 0.448701 0.182233 0.17168 0.531953 0.119394 0.259426 0.094435 0.097811
0.099498 0.543469 0.166514 0.205023 0.297026 0.0707544 0.120467 0.716556 0.253191 0.308687 0.51951 0.181993 0.175847 0.6058 0.152119 0.260691 0.097811 0.101186
0.102873 0.636116 0.218725 0.210296 0.352748 0.0884344 0.132257 0.835138 0.312443 0.339252 0.616131 0.216619 0.194161 0.68811 0.208175 0.253792 0.101186 0.104560
0.106248 0.726923 0.229943 0.233729 0.417591 0.0924163 0.147313 0.944181 0.316002 0.354605 0.720639 0.230713 0.224661 0.743272 0.252095 0.244324 0.104560 0.107936
0.109623 0.837727 0.268832 0.25647 0.488483 0.0866784 0.168886 1.08302 0.335395 0.379668 0.825335 0.254325 0.245104 0.86997 0.276215 0.262601 0.107936 0.111310
0.112998 0.960426 0.272285 0.292667 0.547042 0.0920034 0.180302 1.25076 0.333479 0.431216 0.942498 0.267087 0.28092 1.00707 0.2596 0.30501 0.111310 0.114686
0.116373 1.10029 0.274384 0.316948 0.599316 0.133002 0.17331 1.45215 0.352457 0.497783 1.07256 0.29321 0.303881 1.17243 0.29915 0.365591 0.114686 0.118060
0.119748 1.25826 0.277553 0.362936 0.676441 0.124913 0.197569 1.6669 0.37241 0.591905 1.22075 0.283796 0.336398 1.35587 0.338192 0.4285 0.118060 0.121435
0.123123 1.38053 0.338023 0.372075 0.75971 0.148498 0.217069 1.81656 0.413623 0.609339 1.34962 0.361559 0.364248 1.46096 0.367603 0.421898 0.121435 0.124811
0.126498 1.50733 0.400991 0.398862 0.82996 0.157586 0.242173 1.98308 0.493088 0.65602 1.46859 0.386866 0.396816 1.60812 0.421988 0.432815 0.124811 0.128185
0.129873 1.69925 0.405287 0.458152 0.915923 0.188036 0.281131 2.24942 0.529064 0.762473 1.64562 0.39237 0.440939 1.83879 0.457744 0.513675 0.128185 0.131561
0.133248 1.85096 0.45221 0.489424 0.987344 0.208557 0.288602 2.45752 0.560679 0.86232 1.80203 0.430322 0.475959 1.97826 0.516178 0.54284 0.131561 0.134935
0.137045 2.02274 0.456318 0.558042 1.098 0.198182 0.347078 2.67223 0.654765 0.956271 1.95482 0.411768 0.518568 2.19945 0.534566 0.666349 0.134935 0.139154
0.141685 2.31453 0.495132 0.661325 1.25484 0.183282 0.404966 3.0588 0.730919 1.0714 2.19134 0.478308 0.576991 2.63504 0.454966 0.878703 0.139154 0.144217
0.146748 2.57678 0.600117 0.720351 1.39965 0.183103 0.450251 3.40352 0.835238 1.18178 2.41214 0.612968 0.606104 3.00508 0.535664 1.02109 0.144217 0.149279
0.151810 2.8747 0.665468 0.785148 1.54104 0.180354 0.499384 3.81139 0.934466 1.29205 2.71259 0.665689 0.6585 3.29646 0.620298 1.10163 0.149279 0.154342
0.156873 3.25426 0.675728 0.931785 1.71849 0.231874 0.543088 4.3329 0.920027 1.55323 3.08427 0.709966 0.801246 3.69652 0.65328 1.25852 0.154342 0.159404
0.161935 3.59815 0.775807 1.03409 1.89976 0.275597 0.596281 4.79101 1.0762 1.69453 3.42946 0.747787 0.922452 4.03702 0.794145 1.36188 0.159404 0.164467
0.166998 3.98235 0.77827 1.16052 2.14297 0.267202 0.649728 5.27423 1.15896 1.89499 3.81431 0.787845 1.04972 4.41952 0.853047 1.47914 0.164467 0.169529
0.172060 4.42954 0.791487 1.36592 2.3865 0.294267 0.731537 5.86446 1.15995 2.16347 4.22075 0.860346 1.22523 4.97272 0.779587 1.71307 0.169529 0.174591
0.177123 4.77968 0.905196 1.45151 2.59684 0.320553 0.812084 6.31279 1.26864 2.28766 4.58996 0.897277 1.3675 5.27326 0.8978 1.78614 0.174591 0.179654
0.182185 5.1415 0.980031 1.52702 2.81281 0.383094 0.864412 6.77704 1.53824 2.44047 4.95687 1.00272 1.45411 5.62183 1.12851 1.77373 0.179654 0.184716
0.187248 5.53319 1.10438 1.67686 3.00084 0.436356 0.902446 7.31177 1.71747 2.60724 5.33669 1.12167 1.59391 6.04441 1.22456 1.88377 0.184716 0.189779
0.192310 5.86533 1.24877 1.72238 3.19718 0.453047 0.964316 7.73929 1.98985 2.7131 5.66046 1.22572 1.63644 6.39832 1.28422 1.9972 0.189779 0.194842
0.197373 6.31505 1.30859 1.84377 3.44676 0.446416 1.04308 8.32958 2.0575 2.92534 6.1014 1.27792 1.75433 6.87089 1.34744 2.19538 0.194842 0.199904
0.202435 6.72905 1.36628 1.94906 3.66109 0.477157 1.10727 8.88381 2.188 3.13791 6.48665 1.44547 1.84638 7.35969 1.56412 2.35525 0.199904 0.204967
0.207498 7.17211 1.45799 2.12007 3.98122 0.419394 1.24933 9.41322 2.42952 3.40905 6.87957 1.52843 1.96073 7.93319 1.75728 2.52169 0.204967 0.210029
0.212560 7.66334 1.65391 2.28687 4.33773 0.395996 1.41715 9.99906 2.55091 3.47618 7.32669 1.78123 2.06887 8.53916 1.9379 2.74968 0.210029 0.215091
0.217623 8.18357 1.81947 2.41006 4.59324 0.477868 1.45713 10.7052 2.77187 3.72171 7.8125 2.06758 2.15469 9.14895 1.90664 2.99624 0.215091 0.220154
0.222685 8.69107 1.91996 2.46904 4.82741 0.460449 1.4862 11.4047 3.0718 3.91228 8.23956 2.11919 2.22745 9.86573 2.02927 3.15668 0.220154 0.225217
0.227748 9.20051 2.21193 2.55982 5.12307 0.465641 1.59099 12.0643 3.2531 4.08741 8.77024 2.36161 2.27538 10.3199 2.06763 3.28606 0.225217 0.230279
0.232810 9.69589 2.41419 2.6736 5.3833 0.511734 1.61253 12.7248 3.3339 4.22629 9.29456 2.45746 2.41853 10.74 2.34122 3.32803 0.230279 0.235342
0.237873 10.252 2.48287 2.78684 5.60128 0.588751 1.58104 13.5184 3.82972 4.52071 9.89249 2.62821 2.56591 11.1873 2.48126 3.42142 0.235342 0.240404
0.242935 10.7971 2.71096 2.93929 5.84302 0.78395 1.55879 14.2766 4.0918 4.82999 10.3905 2.84036 2.64556 11.8549 2.59777 3.62365 0.240404 0.245467
0.247998 11.4457 2.85429 3.15248 6.14398 0.907913 1.58586 15.1693 4.24068 5.18001 10.979 2.91898 2.83281 12.6597 2.78766 3.86002 0.245467 0.250529
0.253060 12.1016 3.0253 3.31261 6.55811 0.911788 1.65838 15.9951 4.30802 5.39903 11.5534 3.07923 2.9648 13.5278 2.86259 4.09983 0.250529 0.255592
0.258123 12.7672 3.08261 3.43972 7.00094 0.960928 1.78896 16.8171 4.49709 5.59159 12.1197 3.25322 3.03719 14.4516 3.11064 4.37308 0.255592 0.260654
0.263185 13.4094 3.15546 3.53987 7.4257 1.01954 1.86392 17.612 4.51608 5.76693 12.6832 3.33048 3.19464 15.2988 3.28773 4.46266 0.260654 0.265716
0.268248 14.029 3.5284 3.70488 7.88686 0.92176 1.9701 18.3429 5.20495 5.87252 13.2372 3.49852 3.31868 16.0889 3.58169 4.69267 0.265716 0.270779
0.273310 14.6508 3.98139 3.76483 8.22914 0.919218 1.94917 19.1609 5.83743 5.93799 13.8483 3.84864 3.34295 16.7385 4.02541 4.76133 0.270779 0.275842
0.278373 15.275 4.12556 3.8734 8.72293 0.75437 2.12759 19.8769 5.98869 5.99196 14.4404 3.93512 3.48069 17.4464 4.57512 4.98386 0.275842 0.280904
0.283435 15.9506 4.32315 3.90461 9.1693 0.817525 2.2976 20.7134 6.28928 6.12356 15.1374 4.15181 3.50621 18.0662 4.94615 4.8828 0.280904 0.285967
0.288498 16.5082 4.41457 3.95949 9.53742 0.931401 2.27931 21.4041 6.63172 6.23135 15.6522 4.48784 3.48456 18.7353 5.27917 4.90679 0.285967 0.291029
0.293560 17.2486 4.72212 4.12377 10.0379 0.902857 2.37836 22.313 7.0029 6.52256 16.3581 4.57692 3.64608 19.5654 5.72452 5.06912 0.291029 0.296091
0.298623 17.8485 5.13163 4.31774 10.3844 0.920814 2.37608 23.0908 7.29565 6.74086 16.879 4.7389 3.80588 20.3706 6.3937 5.13424 0.296091 0.301154
0.303685 18.54 5.44134 4.44828 10.8424 0.83887 2.48955 23.9465 7.76678 7.0508 17.5405 4.98699 3.9737 21.1405 6.54577 5.26838 0.301154 0.306217
0.308748 19.2326 5.79336 4.54551 11.219 1.05141 2.44403 24.8609 8.25201 7.39163 18.2472 5.36032 4.06506 21.7964 6.81759 5.48782 0.306217 0.311279
0.313810 19.974 5.82709 4.72614 11.641 1.16426 2.52364 25.8266 8.43323 7.71965 18.9427 5.55791 4.21277 22.6571 6.91956 5.44436 0.311279 0.316341
0.318873 20.7639 6.2005 4.89239 12.1599 1.21568 2.5613 26.8069 8.939 7.99775 19.6995 5.78017 4.42756 23.5331 7.22807 5.6767 0.316341 0.321404
0.323935 21.4224 6.26449 5.05869 12.6669 1.32654 2.5486 27.5718 8.93585 8.31422 20.287 5.97273 4.52417 24.3763 7.4539 5.78885 0.321404 0.326466
0.328997 22.2363 6.32685 5.15429 13.3372 1.33821 2.66606 28.4866 8.99404 8.59847 21.0835 6.1727 4.75707 25.2354 7.45738 6.11287 0.326466 0.331528
0.334060 22.9329 6.62307 5.3504 13.9205 1.22844 2.75408 29.2627 9.30051 8.86394 21.8338 6.24084 4.98717 25.7924 7.3745 6.10198 0.331528 0.336591
0.339122 23.7557 6.55983 5.56052 14.5113 1.28617 2.83098 30.2485 9.57423 9.24883 22.5978 6.40833 5.14821 26.7684 7.30718 6.38654 0.336591 0.341653
0.344185 24.429 6.70534 5.73195 15.04 1.29125 2.88441 31.0233 10.1183 9.45815 23.291 6.43102 5.24042 27.3894 7.40007 6.5786 0.341653 0.346716
0.349247 25.1678 6.90494 5.88142 15.703 1.28893 3.01653 31.8153 10.5763 9.68665 23.9875 6.80739 5.27278 28.2383 7.45512 6.79054 0.346716 0.351779
0.354310 25.6769 7.11941 5.84087 16.2329 1.2795 3.01934 32.31 11.09 9.7712 24.4866 6.93557 5.27235 28.7739 7.74981 6.64418 0.351779 0.356841
0.359372 26.196 7.09746 5.96778 16.6234 1.45896 2.9952 32.9192 11.5432 10.144 24.9918 7.03109 5.35955 29.3289 7.82818 6.86483 0.356841 0.361903
0.364435 26.7718 7.19105 6.11239 17.0671 1.58853 2.96269 33.5878 11.6778 10.4541 25.5453 7.10209 5.48015 29.9626 7.53501 7.03867 0.361903 0.366966
0.369497 27.261 7.28457 6.15905 17.4851 1.69512 2.881 34.1271 11.8833 10.6307 26.1057 7.22368 5.6434 30.2668 7.80418 7.24796 0.366966 0.372028
0.374560 27.62 7.52187 6.26148 17.8898 1.50878 2.85233 34.454 12.2228 10.5507 26.4878 7.46771 5.78199 30.5656 7.96577 7.48936 0.372028 0.377091
0.379622 28.0247 7.71915 6.43777 18.3294 1.53578 2.89185 34.8342 12.4593 10.8811 26.9573 7.69686 5.99542 30.8016 8.11665 7.49514 0.377091 0.382154
0.384685 28.1587 7.7804 6.54379 18.5948 1.60305 2.91373 34.8759 12.7077 10.8876 27.1171 7.79022 6.11505 30.8687 8.35119 7.29538 0.382154 0.387216
0.389747 28.4034 8.02525 6.64967 18.8922 1.77376 2.8067 35.0835 12.7251 11.0287 27.4607 7.93763 6.22264 30.8557 8.40298 7.22245 0.387216 0.392278
0.394810 28.547 8.06606 6.70705 19.2161 1.65379 2.90323 35.1005 12.9523 11.0026 27.719 8.00784 6.31189 30.7011 8.352 7.07123 0.392278 0.397341
0.399872 28.722 7.91267 6.81919 19.5372 1.60291 3.14115 35.1729 13.0094 11.099 27.9349 7.89208 6.44156 30.7699 8.25005 7.57107 0.397341 0.402404
0.404935 28.8073 7.74105 6.90689 19.8309 1.57532 3.12551 35.1118 12.9205 11.1755 28.1322 7.66583 6.6052 30.5636 8.10434 7.32378 0.402404 0.407466
0.409997 28.7961 7.58896 6.92999 19.9307 1.70036 3.00936 35.0227 12.8014 11.3058 28.1685 7.78109 6.67418 30.4288 8.34155 7.43014 0.407466 0.412529
0.415060 28.6703 7.61676 6.88472 20.0793 1.62178 3.09238 34.7041 12.5889 11.2022 28.164 7.67192 6.73728 29.9875 8.34785 7.18031 0.412529 0.417591
0.420122 28.4913 7.66842 6.88664 20.1149 1.55054 3.10344 34.3745 12.6642 11.1728 28.0649 7.36569 6.74208 29.6008 8.08105 7.22963 0.417591 0.422653
0.425185 28.2622 7.47937 6.75289 20.1029 1.5952 3.21116 33.9928 12.6755 10.9542 27.9548 7.35409 6.75075 29.0618 8.15912 7.04148 0.422653 0.427716
0.430247 28.0193 7.46392 6.64778 20.1431 1.55876 3.10142 33.5511 12.7609 10.8007 27.8713 7.33146 6.68707 28.4045 7.9736 6.74121 0.427716 0.432779
0.435310 27.7414 7.32842 6.63852 20.1229 1.47252 3.03853 33.0922 12.6618 10.7132 27.7293 7.17182 6.66058 27.7727 7.94438 6.47833 0.432779 0.437841
0.440372 27.4432 7.17775 6.59187 20.1182 1.65006 3.08978 32.5879 12.2581 10.5999 27.5267 6.99657 6.63059 27.2261 7.72655 6.43409 0.437841 0.442903
0.445435 27.1173 7.06149 6.63431 20.0112 1.39856 3.25654 32.1082 11.9872 10.5985 27.252 6.89918 6.60757 26.767 7.69317 6.46158 0.442903 0.447966
0.450497 26.7503 7.18811 6.61714 19.9418 1.21965 3.39898 31.5322 11.7469 10.5876 26.9187 6.89528 6.63184 26.3122 7.64059 6.59434 0.447966 0.453029
0.455560 26.2987 7.06452 6.54691 19.8066 1.18903 3.49372 30.8584 11.3884 10.3677 26.5512 6.91879 6.60389 25.6416 7.27466 6.28241 0.453029 0.458091
0.460622 25.8586 6.97285 6.45439 19.6936 1.10843 3.52469 30.1885 10.9403 10.2003 26.1691 6.82095 6.57953 25.0507 6.99325 6.12765 0.458091 0.463154
0.465685 25.2477 6.71152 6.38937 19.3773 0.980663 3.52129 29.3707 10.4954 10.1738 25.5862 6.65809 6.54574 24.3668 6.94719 5.96184 0.463154 0.468216
0.470747 24.658 6.37642 6.28216 19.1704 0.901831 3.56443 28.5121 10.3131 9.8126 24.995 6.48454 6.43391 23.7811 6.45043 5.75324 0.468216 0.473278
0.475810 24.0813 6.27087 6.09399 18.8834 0.950838 3.56588 27.7321 10.034 9.49849 24.4984 6.35695 6.37929 22.9962 6.39099 5.64351 0.473278 0.478341
0.480872 23.5434 6.11128 6.01782 18.639 0.888675 3.57606 26.988 9.69216 9.31334 24.0516 6.124 6.33778 22.2213 6.2293 5.41241 0.478341 0.483404
0.485935 22.9957 5.98914 6.06712 18.3791 0.790361 3.59975 26.2382 9.53105 8.93887 23.5623 5.79533 6.34272 21.5217 5.89474 5.20889 0.483404 0.488466
0.490997 22.4073 5.74639 5.91381 18.0697 0.769337 3.66314 25.4538 9.31241 8.70083 22.9813 5.6594 6.28494 20.914 5.58008 5.34375 0.488466 0.493528
0.496060 21.7873 5.44436 5.88639 17.7226 0.624806 3.79442 24.6421 9.34755 8.49439 22.3889 5.49383 6.14512 20.222 5.18849 5.17922 0.493528 0.498591
0.501122 21.1577 5.18821 5.74448 17.3705 0.510432 3.90136 23.8176 9.17968 8.24487 21.7661 5.34278 6.02964 19.5748 4.55684 5.05078 0.498591 0.503654
0.506185 20.434 4.94836 5.40756 16.9107 0.544549 3.83152 22.9086 8.89014 7.92258 21.0523 5.20726 5.75425 18.8255 4.50014 4.72531 0.503654 0.508716
0.511247 19.7713 4.71375 5.24676 16.4961 0.535382 3.64024 22.0716 8.18376 7.75247 20.4134 4.84167 5.54865 18.1009 4.43361 4.62052 0.508716 0.513778
0.516310 19.0996 4.40528 5.10144 16.0701 0.453008 3.71388 21.2273 7.6942 7.55684 19.7566 4.61395 5.39314 17.3903 4.17786 4.49288 0.513778 0.518841
0.521372 18.3874 3.97543 4.92261 15.5974 0.454038 3.60643 20.3469 6.98817 7.22392 19.065 4.23131 5.18771 16.6244 3.9123 4.23382 0.518841 0.523903
0.526435 17.7578 3.76036 4.74043 15.1693 0.501937 3.66239 19.5759 6.89154 6.91124 18.4164 4.01874 5.00669 16.0445 3.60133 4.07114 0.523903 0.528966
0.531497 17.0834 3.59385 4.54054 14.7321 0.383146 3.604 18.7348 6.8184 6.58903 17.7641 3.81451 4.81553 15.3124 3.30626 3.9408 0.528966 0.534029
0.536560 16.3901 3.41264 4.42903 14.1493 0.399467 3.44709 17.9638 6.61464 6.36551 17.0644 3.61786 4.66301 14.6357 3.26097 3.76228 0.534029 0.539091
0.541622 15.705 3.25094 4.19985 13.6455 0.320017 3.33658 17.1515 6.39609 6.08844 16.3957 3.47998 4.51997 13.9082 3.25774 3.66021 0.539091 0.544153
0.546685 15.0599 3.15102 4.04418 13.1807 0.276244 3.3717 16.3798 6.29527 5.83758 15.7439 3.37551 4.35507 13.2805 2.99134 3.54449 0.544153 0.549216
0.551747 14.4382 3.11315 3.97223 12.6929 0.17889 3.14657 15.664 6.17812 5.62171 15.1125 3.22071 4.18821 12.684 2.90233 3.35145 0.549216 0.554278
0.556810 13.8012 3.06317 3.92008 12.2056 0.148741 3.07606 14.9219 5.99219 5.35554 14.4715 3.09772 4.27318 12.0572 2.93622 3.15998 0.554278 0.559341
0.561872 13.2393 2.88379 3.7825 11.7841 0.0138291 3.05298 14.2614 5.00189 5.10085 13.9212 2.96388 4.1145 11.4654 2.70463 3.02863 0.559341 0.564404
0.566935 12.6489 2.70258 3.65565 11.3643 0.0276199 3.05534 13.5512 4.65203 4.90114 13.3271 2.76953 3.94377 10.8847 2.46886 2.84324 0.564404 0.569466
0.571997 12.1417 2.56664 3.50917 10.9413 0.0985295 2.95551 12.9848 4.51087 4.83797 12.7893 2.74277 3.79292 10.457 2.25115 2.75539 0.569466 0.574528
0.577060 11.5892 2.53069 3.33622 10.5228 0.182771 2.82588 12.3382 4.45425 4.5498 12.2379 2.65464 3.64602 9.90155 2.15766 2.63185 0.574528 0.579592
0.582123 11.0836 2.44452 3.22752 10.1213 0.207774 2.75212 11.7594 4.308 4.34934 11.7406 2.58653 3.5241 9.37419 2.01067 2.45263 0.579592 0.584654
0.587185 10.5601 2.3486 3.02502 9.75017 0.183305 2.71223 11.1289 4.21882 4.06854 11.2207 2.48217 3.30782 8.84132 1.93709 2.27368 0.584654 0.589717
0.592248 10.0962 2.25079 2.87147 9.33001 0.17903 2.63272 10.6343 3.98841 3.85098 10.7366 2.33765 3.13854 8.43017 1.84937 2.15982 0.589717 0.594779
0.597310 9.6463 2.17941 2.69416 8.97267 0.24258 2.57329 10.1194 3.79699 3.62907 10.2727 2.27552 2.99473 8.01654 1.82173 2.03676 0.594779 0.599841
0.602373 9.25281 2.11966 2.55988 8.67468 0.143105 2.61099 9.65886 3.70252 3.45712 9.86214 2.21411 2.86676 7.66757 1.74512 1.96317 0.599841 0.604904
0.607435 8.81478 2.04861 2.43311 8.29429 0.205802 2.49495 9.18034 3.52719 3.21985 9.413 2.02228 2.67328 7.25842 1.68775 1.80954 0.604904 0.609967
0.612498 8.41925 1.89916 2.30743 7.97511 0.168366 2.38835 8.73119 3.31834 3.04387 9.00856 1.86429 2.58465 6.88607 1.67436 1.71061 0.609967 0.615029
0.617560 8.02628 1.79338 2.1614 7.64268 0.2229 2.30551 8.29569 3.13213 2.85673 8.6019 1.92533 2.41661 6.52871 1.63611 1.60173 0.615029 0.620092
0.622623 7.56807 1.74196 1.93298 7.20573 0.372134 2.10411 7.82255 3.04343 2.63483 8.12712 1.82383 2.16526 6.11363 1.69313 1.39289 0.620092 0.625154
0.627685 7.13321 1.70205 1.73966 6.79497 0.515216 1.9241 7.37077 2.97911 2.39255 7.6524 1.65508 1.93155 5.78245 1.56797 1.28079 0.625154 0.630216
0.632748 6.72491 1.64744 1.58674 6.4376 0.63079 1.75757 6.92671 2.94555 2.16417 7.22101 1.63058 1.76887 5.43426 1.60836 1.18799 0.630216 0.635279
0.637810 6.35619 1.67191 1.43018 6.11149 0.729436 1.60583 6.52805 2.9672 1.98947 6.8281 1.70441 1.61707 5.12845 1.58741 1.0513 0.635279 0.640342
0.642873 5.9932 1.75935 1.30932 5.78478 0.812354 1.47158 6.13958 3.01294 1.76729 6.45151 1.78871 1.46797 4.80084 1.58815 0.916449 0.640342 0.645404
0.647935 5.66655 1.63825 1.21228 5.51618 0.868258 1.36932 5.77217 2.97563 1.6241 6.11912 1.68261 1.38449 4.48913 1.57162 0.770306 0.645404 0.650466
0.652998 5.34832 1.66527 1.07771 5.19684 0.848466 1.24377 5.45471 2.80178 1.51155 5.78546 1.6938 1.23398 4.21104 1.5108 0.663319 0.650466 0.655529
0.658060 5.09437 1.70012 0.978043 4.96286 0.908279 1.18499 5.18674 2.66291 1.40884 5.49704 1.70765 1.14559 4.0468 1.45855 0.636092 0.655529 0.660591
0.663123 4.82585 1.73679 0.870441 4.72661 0.918438 1.10819 4.89554 2.62073 1.29983 5.22353 1.69381 1.04913 3.79123 1.52338 0.532541 0.660591 0.665654
0.668185 4.5902 1.7707 0.77011 4.48306 0.990205 1.02067 4.66546 2.57281 1.24381 4.95862 1.75614 0.925028 3.63171 1.54972 0.494015 0.665654 0.670717
0.673248 4.36205 1.79713 0.692085 4.27666 1.09513 0.93449 4.42203 2.48595 1.16751 4.71407 1.78589 0.851718 3.44624 1.50236 0.425465 0.670717 0.675779
0.678310 4.16874 1.80475 0.616698 4.10121 1.1102 0.872168 4.21616 2.43292 1.07047 4.51868 1.87003 0.752061 3.2583 1.50664 0.368816 0.675779 0.680841
0.684006 3.97297 1.82538 0.546521 3.90044 1.13891 0.795158 4.02392 2.37487 1.01559 4.30726 1.83116 0.707732 3.10328 1.43804 0.369293 0.680841 0.687170
0.690967 3.69162 1.80266 0.536505 3.61329 1.19369 0.713853 3.74664 2.30834 0.94745 4.00037 1.86566 0.582267 2.88839 1.4154 0.303321 0.687170 0.694764
0.698560 3.45975 1.77787 0.458607 3.43264 1.18757 0.668357 3.47879 2.2191 0.904479 3.75248 1.80994 0.569007 2.69818 1.41153 0.301011 0.694764 0.702357
0.706154 3.24407 1.75707 0.430096 3.22615 1.23734 0.621571 3.25665 2.1138 0.883246 3.53232 1.76607 0.502564 2.49414 1.36767 0.27479 0.702357 0.709951
0.713748 3.04479 1.63721 0.451628 3.02384 1.24203 0.554297 3.05951 2.06152 0.828922 3.3147 1.72605 0.508629 2.34259 1.31204 0.271432 0.709951 0.717545
0.721342 2.87475 1.5495 0.401485 2.86679 1.25372 0.49008 2.88034 2.03586 0.834204 3.12659 1.65286 0.475132 2.21955 1.16753 0.234553 0.717545 0.725139
0.728935 2.7193 1.46148 0.372616 2.72739 1.22168 0.455225 2.71361 1.99051 0.773532 2.9623 1.54781 0.426241 2.08711 1.0621 0.238376 0.725139 0.732732
0.736529 2.56978 1.2969 0.355037 2.57812 1.23973 0.395481 2.56392 1.86092 0.728499 2.79722 1.38565 0.40734 1.97806 0.963578 0.232563 0.732732 0.740326
0.744123 2.42435 1.21358 0.343537 2.4216 1.26993 0.343421 2.42629 1.76927 0.684613 2.64224 1.31972 0.404251 1.85749 0.890677 0.235106 0.740326 0.747920
0.751717 2.30119 1.17229 0.331712 2.31548 1.24005 0.305369 2.29116 1.70131 0.656237 2.51332 1.26773 0.385582 1.74933 0.864138 0.233713 0.747920 0.755513
0.759310 2.18578 1.0902 0.320721 2.19676 1.21406 0.33971 2.17806 1.59454 0.632849 2.39138 1.18715 0.37165 1.65087 0.868227 0.227313 0.755513 0.763107
0.766904 2.08167 1.04084 0.319023 2.10135 1.16581 0.31036 2.06784 1.54057 0.610289 2.27467 1.13513 0.364819 1.57955 0.796072 0.221342 0.763107 0.770701
0.774498 1.99332 1.00821 0.314833 2.02823 1.13183 0.310281 1.96881 1.42216 0.582148 2.17308 1.10197 0.345304 1.52568 0.752062 0.223832 0.770701 0.778295
0.782092 1.90673 0.977134 0.299808 1.9383 1.13173 0.292491 1.88455 1.37673 0.552713 2.07773 1.04244 0.335493 1.46183 0.729603 0.22033 0.778295 0.785888
0.789685 1.82533 0.946566 0.300244 1.85774 1.10728 0.270871 1.80256 1.27287 0.541493 1.98708 0.986562 0.331343 1.40451 0.665913 0.217782 0.785888 0.793482
0.797279 1.74732 0.930451 0.281344 1.77469 1.06904 0.261247 1.7281 1.17597 0.511025 1.9018 0.972457 0.309307 1.34542 0.648669 0.212136 0.793482 0.801076
0.804873 1.68279 0.893346 0.279797 1.72037 1.02274 0.265781 1.65641 1.13853 0.499405 1.83425 0.960644 0.304377 1.28877 0.594163 0.20273 0.801076 0.808670
0.812467 1.62714 0.835634 0.280994 1.68219 0.970687 0.27323 1.58847 1.04223 0.481686 1.77606 0.900648 0.309283 1.23969 0.572406 0.192178 0.808670 0.816263
0.820060 1.56998 0.797355 0.265911 1.62129 0.95016 0.265334 1.53395 0.961966 0.480986 1.7198 0.878046 0.302861 1.18023 0.560806 0.184014 0.816263 0.823857
0.827654 1.50571 0.7679 0.246294 1.57397 0.92578 0.271408 1.45776 0.921766 0.470914 1.65012 0.829653 0.283242 1.12999 0.534686 0.190721 0.823857 0.831451
0.835248 1.4528 0.713657 0.261595 1.53159 0.870482 0.280193 1.39747 0.859636 0.441552 1.59886 0.786852 0.290525 1.07281 0.495071 0.183841 0.831451 0.839045
0.842842 1.39937 0.679762 0.25385 1.47117 0.828194 0.278827 1.34895 0.833066 0.42464 1.54321 0.735183 0.285514 1.02515 0.489457 0.170725 0.839045 0.846639
0.850435 1.35929 0.642886 0.235895 1.44017 0.821407 0.289346 1.30248 0.78908 0.409022 1.49541 0.696367 0.280631 1.00515 0.454914 0.1869 0.846639 0.854232
0.858029 1.31258 0.636068 0.227111 1.3923 0.821165 0.274194 1.25658 0.766835 0.412265 1.45151 0.710298 0.274035 0.951109 0.448214 0.172855 0.854232 0.861826
0.865623 1.2788 0.644252 0.236336 1.36367 0.813437 0.298372 1.21919 0.715195 0.413295 1.41912 0.702924 0.276144 0.913745 0.428881 0.1691 0.861826 0.869420
0.873217 1.22565 0.657742 0.229908 1.32783 0.784119 0.305159 1.15389 0.671683 0.383731 1.36331 0.68845 0.272351 0.867529 0.412362 0.161675 0.869420 0.877014
0.880810 1.19466 0.623575 0.232498 1.31188 0.767665 0.317191 1.11234 0.627314 0.381419 1.33149 0.679907 0.260545 0.838698 0.393157 0.166279 0.877014 0.884607
0.888404 1.15668 0.602658 0.235256 1.2719 0.792055 0.309871 1.07576 0.596714 0.37624 1.29052 0.662221 0.268332 0.808461 0.383944 0.160841 0.884607 0.892201
0.895998 1.12476 0.565523 0.232006 1.24387 0.775497 0.309665 1.0411 0.546749 0.355292 1.25504 0.636149 0.26591 0.785805 0.363271 0.165427 0.892201 0.899795
0.903592 1.09637 0.53987 0.230041 1.23787 0.759409 0.327777 0.996991 0.518755 0.34479 1.22451 0.612766 0.262144 0.763004 0.331196 0.167757 0.899795 0.907389
0.911185 1.06081 0.516295 0.226032 1.20375 0.741645 0.322231 0.960423 0.473093 0.33206 1.18601 0.582341 0.257928 0.735102 0.315069 0.175219 0.907389 0.914982
0.918779 1.02895 0.503189 0.230166 1.18615 0.698328 0.327251 0.918533 0.457531 0.326001 1.15503 0.555199 0.254504 0.700916 0.30813 0.16596 0.914982 0.922576
0.926373 1.0058 0.485433 0.238728 1.16123 0.710133 0.325607 0.896641 0.45062 0.32616 1.12985 0.548064 0.267267 0.683079 0.308515 0.168132 0.922576 0.930170
0.933967 0.974502 0.471646 0.239105 1.14079 0.684652 0.336455 0.857713 0.450054 0.321065 1.09454 0.523123 0.264541 0.662199 0.284836 0.162883 0.930170 0.937763
0.941560 0.940288 0.473377 0.23365 1.11333 0.671962 0.333783 0.818755 0.407463 0.313523 1.05803 0.515293 0.269814 0.633979 0.290996 0.156493 0.937763 0.945357
0.949154 0.915565 0.468124 0.23821 1.11096 0.717947 0.350987 0.778333 0.391069 0.302112 1.03052 0.51497 0.276037 0.616502 0.257006 0.167576 0.945357 0.952951
0.956748 0.887576 0.469552 0.240522 1.09238 0.804621 0.362052 0.743732 0.383755 0.292055 1.00036 0.522645 0.275244 0.594146 0.240494 0.161601 0.952951 0.960545
0.964342 0.862013 0.450611 0.242888 1.07421 0.856595 0.370152 0.712978 0.388487 0.285638 0.97423 0.508014 0.285154 0.570065 0.242383 0.157656 0.960545 0.968138
0.971935 0.83681 0.452335 0.239911 1.05931 0.886346 0.370563 0.680538 0.334794 0.280841 0.946816 0.502592 0.274375 0.550615 0.243576 0.157699 0.968138 0.975732
0.979529 0.816003 0.450679 0.243406 1.05472 0.905142 0.379657 0.648342 0.306453 0.274403 0.924799 0.497698 0.283697 0.532954 0.253652 0.155253 0.975732 0.983326
0.987123 0.790726 0.427399 0.244706 1.04148 0.897824 0.395637 0.614612 0.279466 0.273851 0.896414 0.4816 0.274821 0.515768 0.24354 0.161944 0.983326 0.990920
0.994717 0.770392 0.431648 0.245608 1.03829 0.956272 0.403689 0.582238 0.26184 0.287992 0.872777 0.486751 0.27918 0.504024 0.243682 0.166487 0.990920 0.998514
1.000412 0.746666 0.438348 0.244501 1.11036 1.09397 0.416872 0.491231 0.231082 0.263323 0.851076 0.494528 0.284183 0.475031 0.235694 0.159838 0.998514 1.002310
