#Observed stellar mass range: 8.6 < log10(M*/Msun) < 8.8
#Quenched threshold: Obs. SFR / Obs. SM < 1e-11 / yr
#SFHs in units of observed Msun/yr.
#True SFHs rescaled by average systematic offset of -0.160039 dex to be consistent with average observed stellar mass in bin.
#See documentation for explanation of true vs. observed SFRs and SMs.
#Bestfit galaxies in bin: 194584
#Bestfit SF galaxies in bin: 146081
#Bestfit Q galaxies in bin: 48503
#Bestfit central galaxies in bin: 122305
#Bestfit satellite galaxies in bin: 72279
#Avg_scale_factor <SFH_all> Err+ Err- <SFH_SF> Err+ Err- <SFH_Q> Err+ Err- <SFH_Cen> Err+ Err- <SFH_Sat> Err+ Err- Scale_factor_begin Scale_factor_end
0.028936 0 0 0 0 0 0 0 0 0 0 0 0 0 0 0 0.000000 0.057873
0.059561 0 0 0 0 0 0 0 0 0 0 0 0 0 0 0 0.057873 0.061248
0.062373 0 7.74158e-08 0 0 0 0 0 1.35941e-07 0 0 0 0 0 2.21715e-07 0 0.061248 0.063498
0.064623 6.9268e-07 3.47353e-07 6.9268e-07 9.22669e-07 -4.55175e-07 9.22669e-07 0 1.5244e-06 0 1.10204e-06 -6.70302e-07 1.10204e-06 0 1.40992e-06 0 0.063498 0.065748
0.066873 5.69983e-07 2.72122e-07 5.69983e-07 7.59234e-07 -3.91115e-07 7.59234e-07 0 2.41614e-06 0 9.06828e-07 -5.20138e-07 9.06828e-07 0 2.06611e-06 0 0.065748 0.067998
0.069123 1.9244e-06 1.95482e-06 1.80856e-06 2.42444e-06 -3.32144e-07 2.38129e-06 4.1837e-07 1.06779e-05 3.85304e-07 2.72335e-06 -1.37385e-06 2.72335e-06 5.72472e-07 9.22019e-06 4.56377e-07 0.067998 0.070248
0.071373 1.33955e-05 3.98684e-06 1.25406e-05 5.30704e-06 -4.63667e-07 5.03845e-06 3.77564e-05 1.64174e-05 3.61192e-05 5.76787e-06 -1.15053e-06 5.65482e-06 2.63025e-05 1.76452e-05 2.47884e-05 0.070248 0.072498
0.073623 1.16859e-05 9.08615e-06 1.04883e-05 5.02502e-06 3.03145e-06 4.5162e-06 3.17471e-05 2.52076e-05 2.92982e-05 4.17965e-06 8.08547e-07 3.88951e-06 2.43874e-05 2.75034e-05 2.18841e-05 0.072498 0.074748
0.075873 3.03104e-05 1.64739e-05 2.53878e-05 1.65351e-05 5.10777e-06 1.42316e-05 7.1799e-05 5.8429e-05 6.1349e-05 1.29877e-05 5.29139e-07 1.16158e-05 5.96226e-05 4.79516e-05 4.89376e-05 0.074748 0.076998
0.078123 6.27129e-05 3.04973e-05 5.1655e-05 3.65374e-05 1.32866e-05 2.99599e-05 0.000141548 0.000101035 0.000114163 3.1954e-05 1.0319e-05 2.62525e-05 0.000114761 7.45254e-05 9.47127e-05 0.076998 0.079248
0.080373 0.000116744 4.49497e-05 8.85804e-05 5.39931e-05 2.99466e-05 4.03822e-05 0.000305736 0.000129421 0.000244802 5.26295e-05 1.89263e-05 4.16643e-05 0.000225233 0.00011541 0.000168808 0.079248 0.081498
0.082904 0.000187287 7.98337e-05 0.000137241 0.000102647 5.2187e-05 7.43039e-05 0.000442206 0.000220089 0.000325854 9.5602e-05 2.73957e-05 7.5069e-05 0.00034243 0.000188419 0.000241152 0.081498 0.084311
0.085998 0.000323674 0.000155979 0.000228708 0.000182149 0.000108017 0.000130943 0.000749918 0.000334161 0.000530767 0.000172546 8.36445e-05 0.000123469 0.000579402 0.000312655 0.000396678 0.084311 0.087685
0.089373 0.00055757 0.00026223 0.000351359 0.000360524 0.000171003 0.000237575 0.00115103 0.000546792 0.00073446 0.00031602 0.000177589 0.000201689 0.000966303 0.000438959 0.00058585 0.087685 0.091061
0.092748 0.000900195 0.00039953 0.000552821 0.000596382 0.00027198 0.000370254 0.00181522 0.000773766 0.00109672 0.000549902 0.000272724 0.000342492 0.00149293 0.000712803 0.000897736 0.091061 0.094435
0.096123 0.00131497 0.000549253 0.000771091 0.000904776 0.000408769 0.000517902 0.00255039 0.00123822 0.00137804 0.000880116 0.000414562 0.000512727 0.0020508 0.00107432 0.00112926 0.094435 0.097811
0.099498 0.00187815 0.00078583 0.0009941 0.0013515 0.000661355 0.000701623 0.00346431 0.00156514 0.00180835 0.00130214 0.000622924 0.000702388 0.00285283 0.00129809 0.0014829 0.097811 0.101186
0.102873 0.00249147 0.00095142 0.00118616 0.00187193 0.000877616 0.000906976 0.00435743 0.00208743 0.00207872 0.00180132 0.000851535 0.000854358 0.0036593 0.00174416 0.00171864 0.101186 0.104560
0.106248 0.00325405 0.0012388 0.00139719 0.00252839 0.00107641 0.00108009 0.00543957 0.00233498 0.00237704 0.00243769 0.00106328 0.00104062 0.00463543 0.0021959 0.00194048 0.104560 0.107936
0.109623 0.00403865 0.00161943 0.00162415 0.00318026 0.00129577 0.00126922 0.00662397 0.00281676 0.00270757 0.00319859 0.00136328 0.00131973 0.00546015 0.00226351 0.00211403 0.107936 0.111310
0.112998 0.00476177 0.0018286 0.00181996 0.00380627 0.00142959 0.00148115 0.00763952 0.00306773 0.00289353 0.00378549 0.00144781 0.00147944 0.00641375 0.00256908 0.00238328 0.111310 0.114686
0.116373 0.00534607 0.00189946 0.00195634 0.00432466 0.00150877 0.00164111 0.00842234 0.00292703 0.00275985 0.00428027 0.00155072 0.00159827 0.00714954 0.00277594 0.00251025 0.114686 0.118060
0.119748 0.00596004 0.00211544 0.00201379 0.00485623 0.00176544 0.00172089 0.00928448 0.00306265 0.00292463 0.00480088 0.00162094 0.00166153 0.00792148 0.00287195 0.00249833 0.118060 0.121435
0.123123 0.00660434 0.00222173 0.00209004 0.00545854 0.00182547 0.00183977 0.0100552 0.00375112 0.00300524 0.00535939 0.0017759 0.00167328 0.00871094 0.00298336 0.00251624 0.121435 0.124811
0.126498 0.00729676 0.00238511 0.00228296 0.00606739 0.00189662 0.00190951 0.0109994 0.00389985 0.00315107 0.00595024 0.00204883 0.00187492 0.00957523 0.00302014 0.00278941 0.124811 0.128185
0.129873 0.00811722 0.00220037 0.00249341 0.00677379 0.00219872 0.0020578 0.0121634 0.00409657 0.00355408 0.00670695 0.00215669 0.00199961 0.0105036 0.00295234 0.00298887 0.128185 0.131561
0.133248 0.00910208 0.00244166 0.00274122 0.00760282 0.00226436 0.00225576 0.0136175 0.00389951 0.00395894 0.00761886 0.00234845 0.00226068 0.0116119 0.00333211 0.00333118 0.131561 0.134935
0.137045 0.00997553 0.00279204 0.00288156 0.00839518 0.00242116 0.00236835 0.0147352 0.004173 0.00402654 0.00838823 0.00253833 0.00239215 0.0126614 0.00348968 0.00339103 0.134935 0.139154
0.141685 0.0113719 0.00296051 0.00314247 0.0096912 0.00242091 0.00265722 0.0164339 0.00434505 0.00428991 0.00961945 0.00269214 0.00273043 0.0143373 0.00389333 0.00365605 0.139154 0.144217
0.146748 0.0127276 0.00344785 0.00336255 0.0109496 0.00284273 0.00287015 0.0180827 0.00477861 0.00468363 0.0109309 0.00285394 0.00287387 0.015768 0.00453935 0.00387765 0.144217 0.149279
0.151810 0.0140806 0.00419672 0.00355104 0.0121966 0.00353348 0.00313239 0.0197549 0.00554307 0.00475566 0.0122496 0.00367856 0.0031781 0.0171789 0.00449675 0.00420422 0.149279 0.154342
0.156873 0.0152991 0.00380872 0.00371752 0.0132599 0.00382 0.00330607 0.0214405 0.0063972 0.0052418 0.0133431 0.00377169 0.00334583 0.0186087 0.00535398 0.0043636 0.154342 0.159404
0.161935 0.0163534 0.00445473 0.0038786 0.014249 0.00392556 0.00353627 0.0226911 0.00699738 0.00545111 0.0143466 0.00367785 0.00344946 0.019749 0.00546912 0.004456 0.159404 0.164467
0.166998 0.0173419 0.00461802 0.00405911 0.0150942 0.00397632 0.00370289 0.0241113 0.00756682 0.00576191 0.015159 0.00408342 0.00364948 0.0210356 0.00580302 0.00498176 0.164467 0.169529
0.172060 0.0180459 0.00500282 0.00443877 0.015705 0.00429344 0.00393157 0.0250964 0.00746057 0.00573797 0.0156743 0.00436476 0.00379089 0.0220591 0.00623043 0.00508416 0.169529 0.174591
0.177123 0.0188253 0.00551301 0.00455444 0.0162967 0.00466456 0.00422602 0.026441 0.00801315 0.00642556 0.016255 0.00484574 0.00425558 0.0231746 0.00676906 0.00509606 0.174591 0.179654
0.182185 0.0195616 0.00565605 0.00492021 0.0167907 0.00458046 0.00428329 0.0279071 0.00734958 0.00686571 0.0167009 0.00502268 0.0041846 0.0244023 0.00703346 0.00571379 0.179654 0.184716
0.187248 0.0202067 0.0059178 0.00511026 0.0172635 0.00500193 0.00452065 0.0290709 0.00815735 0.00708265 0.0171661 0.00544697 0.00430828 0.0253518 0.00698158 0.00615965 0.184716 0.189779
0.192310 0.0208317 0.00576031 0.00523426 0.0178327 0.00544868 0.00471934 0.029864 0.00817366 0.00743846 0.0177819 0.00570612 0.00433872 0.0259922 0.00753602 0.00638891 0.189779 0.194842
0.197373 0.0214583 0.00589848 0.00557064 0.0183496 0.00545963 0.00484355 0.030821 0.00830306 0.00785755 0.0183318 0.00538471 0.00460973 0.0267487 0.00747432 0.00640999 0.194842 0.199904
0.202435 0.0220693 0.00576603 0.00585719 0.0188683 0.00537965 0.00504675 0.0317099 0.00797204 0.00842587 0.0188751 0.00548538 0.00478225 0.0274743 0.00750035 0.00640695 0.199904 0.204967
0.207498 0.0225437 0.00590913 0.00603347 0.0193343 0.00546937 0.00534173 0.0322098 0.00817597 0.00860908 0.0193228 0.00583664 0.00497005 0.0279939 0.00766277 0.00678843 0.204967 0.210029
0.212560 0.023169 0.00620158 0.00619764 0.0198974 0.00572133 0.00541262 0.0330224 0.00860362 0.00889972 0.0199896 0.005824 0.00523478 0.028549 0.00805315 0.00711644 0.210029 0.215091
0.217623 0.0237351 0.00634963 0.00650773 0.0203273 0.00584861 0.00536225 0.0339987 0.00914738 0.00953732 0.0205362 0.00603558 0.00543944 0.0291481 0.00800561 0.00748137 0.215091 0.220154
0.222685 0.0243104 0.00653227 0.00673177 0.0208007 0.00591741 0.00550415 0.0348808 0.00938723 0.0101677 0.0209974 0.00583291 0.00565422 0.0299163 0.00743513 0.00792574 0.220154 0.225217
0.227748 0.0249561 0.0063158 0.00694926 0.021341 0.00576971 0.0056638 0.0358439 0.00919353 0.0107015 0.0215002 0.00571513 0.00587772 0.0308038 0.00756223 0.00841073 0.225217 0.230279
0.232810 0.0255947 0.00609163 0.00711719 0.021827 0.00561038 0.00578278 0.0369422 0.00914377 0.0108676 0.0220232 0.00540669 0.00604968 0.0316382 0.00750153 0.00875767 0.230279 0.235342
0.237873 0.026143 0.00576375 0.00733802 0.0222648 0.00513633 0.00619034 0.0378235 0.00906586 0.0111412 0.0225366 0.0050731 0.00642367 0.0322456 0.00751349 0.00909259 0.235342 0.240404
0.242935 0.0265426 0.00549839 0.00764351 0.0225935 0.00509356 0.00628809 0.0384364 0.00876223 0.0114846 0.0229368 0.00499865 0.00672779 0.032644 0.00788006 0.00928511 0.240404 0.245467
0.247998 0.0272864 0.00553001 0.00778701 0.0232501 0.00514361 0.0063809 0.039443 0.00886374 0.0115935 0.0236177 0.00503834 0.00684294 0.0334943 0.00774095 0.00955889 0.245467 0.250529
0.253060 0.0276159 0.00569975 0.0079381 0.0235109 0.00519267 0.00657895 0.0399791 0.00930278 0.0116541 0.0239096 0.00524668 0.00697189 0.0338873 0.00749015 0.00962545 0.250529 0.255592
0.258123 0.0282276 0.00591497 0.00835561 0.0241054 0.004984 0.006824 0.0406427 0.00945088 0.0119159 0.0245118 0.00537257 0.00719648 0.0345151 0.00763579 0.0100865 0.255592 0.260654
0.263185 0.0285364 0.00569335 0.00857902 0.0244018 0.00468111 0.00696367 0.040989 0.00911923 0.0122674 0.0248206 0.00525742 0.00734684 0.0348239 0.00721965 0.0101373 0.260654 0.265716
0.268248 0.02881 0.0054792 0.00874444 0.0246427 0.00480249 0.00718326 0.041361 0.00910005 0.0124724 0.0251198 0.00533372 0.00758558 0.0350543 0.00714283 0.0101125 0.265716 0.270779
0.273310 0.0292963 0.00556376 0.00912116 0.0251234 0.00488307 0.00741654 0.0418643 0.00882517 0.0127533 0.0255554 0.00520001 0.00773078 0.0356264 0.00744699 0.0104035 0.270779 0.275842
0.278373 0.0296777 0.00540926 0.00926998 0.0254431 0.00465006 0.00760795 0.0424314 0.00910193 0.0129673 0.0259376 0.00488612 0.00800113 0.0360063 0.00754511 0.0106195 0.275842 0.280904
0.283435 0.0306859 0.0053763 0.00987968 0.0263583 0.00471557 0.00790411 0.0437194 0.00915636 0.0135749 0.0268682 0.00499806 0.00860409 0.0371457 0.00776074 0.0109976 0.280904 0.285967
0.288498 0.0311177 0.00536546 0.0101536 0.0266935 0.00488593 0.00810735 0.0444423 0.00934166 0.0142073 0.0272831 0.00475813 0.00888581 0.0376063 0.00826762 0.0112131 0.285967 0.291029
0.293560 0.0316411 0.00566675 0.0103666 0.0271711 0.00524383 0.00843651 0.0451038 0.00957638 0.0142 0.0278265 0.00518236 0.00920574 0.038096 0.00878374 0.0116134 0.291029 0.296091
0.298623 0.0322211 0.00583398 0.0106191 0.0277065 0.00523915 0.00868386 0.0458182 0.00969387 0.0142527 0.0284073 0.00502651 0.00932029 0.0386744 0.00926225 0.0117202 0.296091 0.301154
0.303685 0.032771 0.00637326 0.0107171 0.0281534 0.00551034 0.00861631 0.0466784 0.00935953 0.0147869 0.0289145 0.00530444 0.00953565 0.0392968 0.0097138 0.0118793 0.301154 0.306217
0.308748 0.0333199 0.00663608 0.0110128 0.0285637 0.00574634 0.00878181 0.0476444 0.00912625 0.0158338 0.0294036 0.0055334 0.00969509 0.0399467 0.00993574 0.0121432 0.306217 0.311279
0.313810 0.0339047 0.0067916 0.0111054 0.0290548 0.00598185 0.00920261 0.0485117 0.00952121 0.0165011 0.029911 0.00615047 0.00984753 0.0406626 0.0101532 0.0123724 0.311279 0.316341
0.318873 0.0344657 0.00713744 0.0110625 0.029569 0.00587411 0.00978118 0.0492135 0.01019 0.0167926 0.0304561 0.00630814 0.0101803 0.0412504 0.00987941 0.0125815 0.316341 0.321404
0.323935 0.034994 0.00754222 0.0113492 0.0299833 0.00628365 0.010198 0.0500851 0.0108325 0.0170632 0.0309406 0.00635078 0.0106366 0.0418529 0.00999074 0.0128004 0.321404 0.326466
0.328997 0.0354839 0.00782657 0.011775 0.0304333 0.00623552 0.010432 0.0506952 0.0111492 0.0168301 0.0314231 0.00661876 0.0110736 0.0423552 0.00986389 0.0133556 0.326466 0.331528
0.334060 0.0360283 0.00772279 0.0119435 0.0309009 0.00607479 0.010658 0.0514711 0.0117794 0.0168665 0.0319521 0.00652157 0.0113171 0.0429257 0.0100829 0.0133846 0.331528 0.336591
0.339122 0.0364088 0.00742907 0.0120579 0.0313274 0.00607058 0.010868 0.0517131 0.0123518 0.016598 0.0324283 0.00659727 0.0115434 0.0431443 0.0105044 0.0133101 0.336591 0.341653
0.344185 0.0370913 0.00746644 0.0122007 0.0320371 0.00623952 0.0111971 0.0523135 0.0129996 0.0168837 0.0331872 0.00698782 0.011789 0.0436974 0.0106894 0.0136593 0.341653 0.346716
0.349247 0.0377655 0.00758383 0.0124851 0.0327376 0.00653464 0.0114947 0.0529085 0.0130707 0.0172279 0.0339199 0.00736141 0.0120591 0.0442728 0.0109372 0.0138402 0.346716 0.351779
0.354310 0.0388329 0.00806944 0.0132069 0.0337946 0.00704025 0.0119108 0.0540075 0.0136826 0.0177762 0.0350367 0.00715581 0.0123761 0.0452566 0.0113495 0.0143818 0.351779 0.356841
0.359372 0.0392275 0.00833227 0.0131224 0.0341533 0.00700769 0.01199 0.0545103 0.0143707 0.0176475 0.0354572 0.00715649 0.0125409 0.0456074 0.0114532 0.0145087 0.356841 0.361903
0.364435 0.0398274 0.00847621 0.0136684 0.0347675 0.00737082 0.0123162 0.0550666 0.0147998 0.0180225 0.0360444 0.00759159 0.0127372 0.0462286 0.0115802 0.0147686 0.361903 0.366966
0.369497 0.0405596 0.00875795 0.0141713 0.0355085 0.00752324 0.0127781 0.0557724 0.0152949 0.0183495 0.0368258 0.00755075 0.0131339 0.0468776 0.01176 0.0150979 0.366966 0.372028
0.374560 0.0410421 0.00901044 0.014071 0.0359302 0.00758535 0.0127831 0.0564381 0.0152403 0.0189198 0.0372633 0.00741456 0.0134824 0.0474362 0.01216 0.0153569 0.372028 0.377091
0.379622 0.0417288 0.00934185 0.0143225 0.0366152 0.00764652 0.013066 0.0571299 0.0156304 0.0192363 0.0379988 0.00764642 0.0137493 0.0480405 0.0126415 0.0156609 0.377091 0.382154
0.384685 0.042325 0.00944226 0.0145356 0.0371973 0.00761943 0.0134947 0.0577683 0.0157389 0.0194326 0.0386069 0.00792534 0.0138264 0.0486164 0.0128947 0.0159466 0.382154 0.387216
0.389747 0.0429728 0.00976351 0.0148404 0.0377966 0.00762453 0.0136012 0.0585625 0.015984 0.0196802 0.0392964 0.00818492 0.0142968 0.0491939 0.0129623 0.0162859 0.387216 0.392278
0.394810 0.0435861 0.0102195 0.0150825 0.038436 0.00788669 0.0136764 0.0590972 0.016086 0.0196639 0.0399487 0.00847339 0.0144364 0.0497411 0.0134422 0.0165509 0.392278 0.397341
0.399872 0.044525 0.0106041 0.0155889 0.0393558 0.00829513 0.0140779 0.0600937 0.01613 0.0200258 0.0408992 0.0088278 0.014756 0.0506604 0.0133212 0.0168773 0.397341 0.402404
0.404935 0.0451161 0.0109148 0.0159506 0.0399537 0.00854546 0.0143478 0.0606643 0.0163756 0.0200017 0.0415006 0.00916671 0.0149164 0.051234 0.0137105 0.0171414 0.402404 0.407466
0.409997 0.0458495 0.0112928 0.0160464 0.0406812 0.00884623 0.014315 0.0614154 0.0164415 0.0200986 0.042281 0.009242 0.0150764 0.0518879 0.0142713 0.0176005 0.407466 0.412529
0.415060 0.0466088 0.0116617 0.0162223 0.0414113 0.00900294 0.0145817 0.0622626 0.0167893 0.0202374 0.0430099 0.00923513 0.0152776 0.0526986 0.0142307 0.0176163 0.412529 0.417591
0.420122 0.0472306 0.011814 0.0164066 0.0420569 0.00918414 0.014782 0.0628129 0.0174819 0.0203049 0.0437061 0.00941211 0.01535 0.0531945 0.0147457 0.017537 0.417591 0.422653
0.425185 0.0480921 0.0117096 0.0165203 0.0430475 0.00980047 0.0151539 0.0632856 0.0183844 0.0202804 0.0447445 0.0101086 0.0156056 0.0537568 0.0151598 0.0175196 0.422653 0.427716
0.430247 0.0488672 0.0112826 0.0166837 0.0439256 0.0102219 0.0154342 0.0637506 0.0190754 0.0204561 0.0456403 0.0103992 0.0159077 0.0543277 0.0154266 0.0174202 0.427716 0.432779
0.435310 0.0494298 0.011441 0.0166692 0.0445362 0.00978854 0.0155934 0.0641682 0.0195909 0.0200916 0.0462758 0.0102476 0.0158354 0.0547666 0.0160278 0.0173444 0.432779 0.437841
0.440372 0.0502925 0.0118113 0.016744 0.0454902 0.00990736 0.01584 0.0647561 0.0202469 0.0199926 0.0472443 0.0103 0.0160322 0.0554505 0.0161701 0.017558 0.437841 0.442903
0.445435 0.0509659 0.0120469 0.0167608 0.0462611 0.0100628 0.0159902 0.0651356 0.0207507 0.0197557 0.0480415 0.0105026 0.016358 0.0559143 0.0163633 0.0179293 0.442903 0.447966
0.450497 0.0517372 0.0123046 0.017096 0.0470187 0.0102685 0.0163478 0.0659484 0.0209183 0.0198794 0.0488422 0.0106793 0.0167015 0.0566361 0.016047 0.0182975 0.447966 0.453029
0.455560 0.0523606 0.012751 0.017137 0.0476871 0.0104038 0.0163092 0.0664363 0.0212435 0.0197661 0.0495975 0.0108318 0.0167685 0.0570361 0.0162839 0.0182373 0.453029 0.458091
0.460622 0.0530964 0.0134997 0.0171663 0.0484674 0.0106195 0.0164477 0.0670378 0.0216537 0.0198921 0.0504504 0.0110083 0.0170729 0.0575736 0.0166101 0.0180717 0.458091 0.463154
0.465685 0.0538599 0.0140556 0.0174196 0.049251 0.0109621 0.0166915 0.0677406 0.0221411 0.0203307 0.0512801 0.011303 0.0173661 0.058225 0.0170018 0.018112 0.463154 0.468216
0.470747 0.0546462 0.0144576 0.0178024 0.0500226 0.0113621 0.0167599 0.0685713 0.0225569 0.0208248 0.052166 0.0119592 0.017653 0.0588429 0.0171357 0.0178787 0.468216 0.473278
0.475810 0.0555098 0.0146192 0.0179204 0.0508881 0.0115026 0.0169173 0.0694294 0.0235098 0.0210174 0.0531522 0.0121868 0.0178025 0.0594992 0.0176727 0.0180485 0.473278 0.478341
0.480872 0.0561941 0.0149521 0.0176456 0.0515785 0.0117139 0.0170697 0.0700955 0.0242421 0.0213067 0.0539197 0.0123883 0.0179913 0.0600427 0.0181131 0.0179629 0.478341 0.483404
0.485935 0.0568909 0.015343 0.0178131 0.0523209 0.0118323 0.0171942 0.0706546 0.0245211 0.021356 0.0546543 0.0127462 0.0180843 0.0606754 0.0184044 0.0178403 0.483404 0.488466
0.490997 0.057705 0.0154094 0.0182653 0.0532011 0.01195 0.0173677 0.0712699 0.0249085 0.0215502 0.0555714 0.0130752 0.0183512 0.0613154 0.0186867 0.0180402 0.488466 0.493528
0.496060 0.0584404 0.0156587 0.0186912 0.053982 0.0119721 0.0176417 0.0718681 0.0252724 0.0216632 0.0563872 0.0137578 0.0189025 0.0619147 0.0193537 0.0183694 0.493528 0.498591
0.501122 0.0592435 0.0158777 0.0187886 0.0548025 0.0119578 0.0180202 0.0726189 0.0260895 0.0217635 0.0573011 0.0145127 0.0190578 0.0625304 0.0198931 0.0184651 0.498591 0.503654
0.506185 0.0599008 0.0160381 0.0189929 0.0555228 0.0121202 0.0183359 0.0730862 0.026563 0.0218732 0.0580831 0.0145543 0.019288 0.0629765 0.0202147 0.018676 0.503654 0.508716
0.511247 0.0606162 0.0165289 0.0190448 0.0562925 0.0124284 0.0184528 0.0736386 0.0267497 0.0217776 0.0589187 0.0144418 0.0194932 0.0634887 0.020051 0.0186919 0.508716 0.513778
0.516310 0.0615166 0.0165216 0.0192407 0.0572263 0.0127716 0.0186593 0.0744381 0.0272194 0.0218043 0.0599132 0.0146434 0.0198564 0.0642297 0.0199928 0.0190305 0.513778 0.518841
0.521372 0.0626771 0.0165202 0.0195706 0.0584706 0.0130899 0.0192778 0.0753462 0.0277715 0.0218594 0.0611806 0.0148709 0.0201535 0.0652094 0.020913 0.0191692 0.518841 0.523903
0.526435 0.0634075 0.0168889 0.0197247 0.0593076 0.0138983 0.0193284 0.0757557 0.0279973 0.0215925 0.0620706 0.0150463 0.0203601 0.0656697 0.0210235 0.0188243 0.523903 0.528966
0.531497 0.0642472 0.0170782 0.0198936 0.0601306 0.0142316 0.0197544 0.0766455 0.0284944 0.0220043 0.0630178 0.0148082 0.0206625 0.0663275 0.0220325 0.0185539 0.528966 0.534029
0.536560 0.0650387 0.0172608 0.0202033 0.0609983 0.0144523 0.0197253 0.0772077 0.0290993 0.0219303 0.0639113 0.0145621 0.020953 0.0669465 0.0224918 0.0187808 0.534029 0.539091
0.541622 0.06576 0.0173121 0.0204745 0.0617713 0.0148182 0.0198777 0.077773 0.0291931 0.0218405 0.0646661 0.0142764 0.021153 0.0676109 0.0227323 0.0190359 0.539091 0.544153
0.546685 0.0662631 0.0177838 0.0208752 0.0622882 0.0144891 0.0203371 0.0782346 0.0289063 0.0217526 0.0652138 0.0145726 0.0211523 0.0680386 0.0231158 0.0192495 0.544153 0.549216
0.551747 0.0671228 0.017696 0.0210367 0.063147 0.0143612 0.0204637 0.0790973 0.0288723 0.0217285 0.066191 0.0150089 0.0213893 0.0686996 0.0229212 0.0195421 0.549216 0.554278
0.556810 0.0678931 0.0180811 0.0212325 0.0639941 0.0133299 0.0206375 0.079636 0.0289126 0.0216403 0.0669482 0.0154062 0.0216571 0.0694919 0.0226848 0.0197313 0.554278 0.559341
0.561872 0.0687185 0.0183531 0.0214554 0.0648474 0.0130214 0.0209552 0.0803775 0.028796 0.0214717 0.0678682 0.0155584 0.0218037 0.0701573 0.0228451 0.0196407 0.559341 0.564404
0.566935 0.0695781 0.0182699 0.0216469 0.0658247 0.013377 0.021305 0.0808823 0.0282711 0.0216981 0.0689288 0.0153746 0.0221409 0.0706767 0.0225092 0.0194324 0.564404 0.569466
0.571997 0.0706885 0.0184154 0.0218975 0.0670738 0.0140216 0.0217536 0.0815753 0.0286887 0.021493 0.0702534 0.0156516 0.0227339 0.0714248 0.0224023 0.019322 0.569466 0.574528
0.577060 0.0715568 0.0186756 0.0219268 0.0681215 0.0137733 0.0220428 0.0819033 0.0295395 0.0208358 0.0713 0.013794 0.0227368 0.0719916 0.0224419 0.0191401 0.574528 0.579592
0.582123 0.0725889 0.0183838 0.0219566 0.0692716 0.0142143 0.0220431 0.0825797 0.0308858 0.020355 0.0725463 0.0141309 0.0230995 0.0726608 0.0224729 0.0189404 0.579592 0.584654
0.587185 0.0733753 0.0183969 0.0221095 0.0701731 0.0146264 0.0225172 0.0830196 0.031542 0.0198949 0.0734898 0.014557 0.023376 0.0731815 0.0232241 0.019042 0.584654 0.589717
0.592248 0.0743447 0.0184794 0.0223041 0.071354 0.0149505 0.0227921 0.083352 0.0317756 0.0192728 0.0747174 0.0149281 0.0237876 0.0737138 0.0234933 0.019155 0.589717 0.594779
0.597310 0.0750779 0.0188009 0.0223879 0.0722532 0.0152841 0.0231694 0.0835854 0.0317711 0.0190072 0.0757223 0.0152058 0.0241306 0.0739876 0.0237398 0.0193269 0.594779 0.599841
0.602373 0.0760376 0.0188128 0.0226792 0.0733448 0.0156424 0.0235044 0.0841476 0.032071 0.018624 0.0767889 0.0155367 0.0246934 0.0747663 0.0238791 0.0195442 0.599841 0.604904
0.607435 0.0768911 0.018852 0.0229049 0.0743393 0.0160843 0.0239544 0.0845764 0.0329108 0.0184491 0.0777747 0.0160143 0.0249929 0.0753959 0.0239687 0.0198224 0.604904 0.609967
0.612498 0.0776078 0.0188243 0.023058 0.0752643 0.0163609 0.0242554 0.0846657 0.0341221 0.0179519 0.0786352 0.0164111 0.0249372 0.0758692 0.0240902 0.019623 0.609967 0.615029
0.617560 0.0784599 0.0191247 0.0232154 0.0762861 0.0166342 0.0246419 0.0850071 0.0347629 0.018218 0.0797219 0.0166822 0.0252811 0.0763245 0.0245703 0.0189726 0.615029 0.620092
0.622623 0.078692 0.0197313 0.0227263 0.0764071 0.017807 0.0240243 0.0855735 0.035625 0.0187334 0.0798998 0.0179058 0.024784 0.0766481 0.0244527 0.0183871 0.620092 0.625154
0.627685 0.0788421 0.020439 0.0221207 0.0764832 0.0179677 0.0232672 0.0859467 0.0358856 0.0190268 0.0800356 0.0191486 0.0242009 0.0768227 0.0249699 0.0179665 0.625154 0.630216
0.632748 0.0792013 0.02105 0.021702 0.0767315 0.0178069 0.0227345 0.0866397 0.0365855 0.0191961 0.0803189 0.0202332 0.0238084 0.0773102 0.0257288 0.0180396 0.630216 0.635279
0.637810 0.0796207 0.0215237 0.0212913 0.0769872 0.0177814 0.0224591 0.0875524 0.0367725 0.0189167 0.0806458 0.0209862 0.0234365 0.0778862 0.0265823 0.0182661 0.635279 0.640342
0.642873 0.0799538 0.022204 0.0211151 0.0771293 0.0189077 0.0218155 0.0884606 0.0365404 0.018667 0.0808675 0.0209872 0.0229639 0.0784078 0.0264615 0.0183906 0.640342 0.645404
0.647935 0.0800953 0.0226953 0.0206573 0.0771201 0.0196941 0.0214441 0.0890559 0.0371454 0.0182562 0.0809103 0.0203222 0.0223703 0.0787161 0.0257275 0.0180321 0.645404 0.650466
0.652998 0.0800237 0.0227807 0.0200828 0.0769183 0.0190504 0.0205199 0.0893769 0.03673 0.0187139 0.080745 0.021295 0.0216911 0.0788034 0.025631 0.0172874 0.650466 0.655529
0.658060 0.0804585 0.0240252 0.0196381 0.0772786 0.0188519 0.020122 0.0900359 0.0370422 0.0184365 0.0811112 0.0207108 0.0214204 0.0793542 0.0258885 0.0171596 0.655529 0.660591
0.663123 0.0805919 0.0245728 0.0193044 0.0773301 0.0187762 0.019806 0.0904156 0.0366556 0.017809 0.081071 0.0210232 0.0211745 0.0797812 0.0257966 0.0169236 0.660591 0.665654
0.668185 0.0810418 0.0243846 0.0190248 0.0776317 0.0201798 0.0197336 0.0913121 0.0354425 0.0172763 0.0814231 0.0216012 0.0207883 0.0803963 0.0270044 0.0167176 0.665654 0.670717
0.673248 0.0812547 0.025112 0.0186094 0.0777973 0.0203325 0.0191303 0.0916674 0.0357094 0.0172584 0.0817212 0.0215213 0.0205438 0.0804651 0.0275526 0.0162729 0.670717 0.675779
0.678310 0.0817457 0.0255287 0.0183109 0.0780925 0.0208455 0.0184492 0.0927485 0.0350605 0.0179571 0.082018 0.0225617 0.0198701 0.081285 0.0283367 0.0161956 0.675779 0.680841
0.684006 0.0821487 0.0254992 0.0180995 0.078452 0.0205226 0.0184446 0.0932823 0.0345247 0.0187639 0.0823676 0.0235918 0.0197684 0.0817782 0.0285709 0.0161199 0.680841 0.687170
0.690967 0.0828065 0.0260579 0.0176076 0.0789954 0.0219699 0.0183584 0.0942846 0.0340181 0.0196879 0.0828709 0.0248374 0.0193157 0.0826974 0.0295207 0.0158036 0.687170 0.694764
0.698560 0.0832951 0.0258637 0.0175493 0.0792606 0.0236582 0.0173191 0.0954461 0.0336787 0.0195753 0.0831693 0.0255786 0.0186883 0.0835078 0.02943 0.016625 0.694764 0.702357
0.706154 0.0835751 0.0263702 0.0172954 0.079538 0.0253731 0.0168202 0.0957339 0.0330551 0.0195985 0.0834068 0.0266689 0.0181379 0.08386 0.0287705 0.0164605 0.702357 0.709951
0.713748 0.0841401 0.0262955 0.0171574 0.0800961 0.0256412 0.0165785 0.09632 0.0323066 0.0200401 0.0839457 0.0253303 0.0177576 0.0844691 0.0284194 0.0163771 0.709951 0.717545
0.721342 0.0847957 0.02622 0.0175062 0.0806837 0.024268 0.0159017 0.0971801 0.0306172 0.020683 0.0844791 0.0254137 0.017606 0.0853315 0.0274946 0.0163708 0.717545 0.725139
0.728935 0.0855186 0.0264615 0.0172039 0.0813268 0.0243923 0.0159034 0.0981434 0.0303051 0.021272 0.0851676 0.0255727 0.0176821 0.0861124 0.0260401 0.0165783 0.725139 0.732732
0.736529 0.0861299 0.0272771 0.0171191 0.0818315 0.024796 0.0159696 0.099076 0.0301003 0.0222407 0.0853995 0.0257898 0.0170606 0.087366 0.0247665 0.0175952 0.732732 0.740326
0.744123 0.0865908 0.0270158 0.0170253 0.082331 0.0251559 0.0151855 0.0994204 0.0292367 0.0230545 0.0859694 0.0263353 0.0161804 0.0876422 0.0241474 0.0178911 0.740326 0.747920
0.751717 0.0871548 0.0272881 0.0168205 0.0828771 0.025828 0.0147811 0.100038 0.0271267 0.0239521 0.0863937 0.0269564 0.0153067 0.0884425 0.0238871 0.0185056 0.747920 0.755513
0.759310 0.087627 0.0275368 0.0167074 0.0833231 0.0263704 0.0149145 0.100589 0.0270598 0.025362 0.086682 0.0276834 0.0158806 0.0892259 0.023519 0.0193233 0.755513 0.763107
0.766904 0.0878573 0.0280375 0.0165193 0.0838439 0.0274142 0.0148422 0.099945 0.0250142 0.0255022 0.086959 0.0291236 0.0162783 0.0893775 0.0234398 0.0197753 0.763107 0.770701
0.774498 0.0884506 0.0276152 0.017298 0.0843649 0.0283023 0.0148298 0.100756 0.0236634 0.0269023 0.0874741 0.028908 0.0158003 0.090103 0.0228353 0.0208862 0.770701 0.778295
0.782092 0.088727 0.0284363 0.0176774 0.0848032 0.0296068 0.0144124 0.100545 0.022256 0.0282093 0.0877084 0.0296505 0.0155609 0.0904505 0.0217784 0.0216443 0.778295 0.785888
0.789685 0.0893278 0.0289602 0.0180958 0.0854487 0.0304848 0.0143049 0.101011 0.0195861 0.0299686 0.0882647 0.0303323 0.0157212 0.0911267 0.0212843 0.022203 0.785888 0.793482
0.797279 0.0896061 0.0280885 0.0175494 0.0858067 0.0302754 0.0142278 0.101049 0.0185798 0.0315237 0.0885695 0.0304946 0.0152311 0.0913603 0.0198145 0.0223304 0.793482 0.801076
0.804873 0.0896277 0.0277309 0.0177209 0.0865307 0.0296353 0.0142142 0.0989555 0.0201689 0.0296782 0.0889609 0.0305791 0.0154378 0.0907562 0.0214377 0.0217109 0.801076 0.808670
0.812467 0.089869 0.026903 0.0173058 0.0874958 0.0299785 0.0138695 0.0970168 0.020594 0.0289097 0.0895581 0.0300786 0.014522 0.0903951 0.0211729 0.0213994 0.808670 0.816263
0.820060 0.0898878 0.0269463 0.0174556 0.0884065 0.0290313 0.0138584 0.0943494 0.022248 0.0274357 0.0901677 0.0294032 0.0147415 0.0894142 0.0218797 0.0204286 0.816263 0.823857
0.827654 0.0899796 0.0270062 0.0173592 0.0892944 0.0296279 0.0144793 0.0920434 0.02272 0.0269323 0.0907165 0.0301522 0.0151096 0.0887328 0.0233352 0.0197245 0.823857 0.831451
0.835248 0.0898665 0.0286332 0.0171563 0.0899705 0.0300239 0.0144609 0.0895533 0.0229499 0.0259673 0.0910546 0.0305461 0.0151604 0.0878562 0.0240792 0.0198107 0.831451 0.839045
0.842842 0.0896636 0.028683 0.0171479 0.0905045 0.0310187 0.0145924 0.0871309 0.0232613 0.0248394 0.0912421 0.0314585 0.0155279 0.0869926 0.0243463 0.0198904 0.839045 0.846639
0.850435 0.0895483 0.0287882 0.017121 0.0910416 0.0316256 0.0156779 0.0850511 0.023893 0.0235929 0.0915943 0.0320551 0.0160379 0.0860863 0.0253654 0.0195067 0.846639 0.854232
0.858029 0.0890702 0.0286206 0.0170826 0.0912832 0.0316616 0.0158306 0.0824052 0.0244593 0.0226707 0.0915669 0.031605 0.0161421 0.0848455 0.0246779 0.019188 0.854232 0.861826
0.865623 0.0888207 0.0280638 0.0170297 0.0915751 0.0313929 0.0159724 0.080525 0.0246382 0.0218892 0.0917678 0.0324526 0.016082 0.0838338 0.02411 0.0191937 0.861826 0.869420
0.873217 0.0884441 0.0282439 0.0170169 0.0922141 0.0336815 0.0162817 0.0770898 0.0235373 0.0209997 0.0917663 0.0320802 0.0158439 0.0828226 0.0234656 0.0192165 0.869420 0.877014
0.880810 0.0881233 0.028395 0.016979 0.0930726 0.0340452 0.0164324 0.0732168 0.0221973 0.0209459 0.0918348 0.0318348 0.0162055 0.0818428 0.0235817 0.0191553 0.877014 0.884607
0.888404 0.0877985 0.028953 0.0169702 0.0938907 0.0341303 0.0168999 0.06945 0.0207262 0.0203966 0.0919931 0.0312513 0.0161742 0.0807008 0.0233092 0.0186835 0.884607 0.892201
0.895998 0.0872795 0.0295918 0.0167654 0.094504 0.0339797 0.0168657 0.0655205 0.0216381 0.0195557 0.0918227 0.0311044 0.0157779 0.0795917 0.0229397 0.0180258 0.892201 0.899795
0.903592 0.086975 0.0300331 0.0161433 0.094995 0.0342775 0.0170212 0.0628204 0.0211914 0.0193017 0.0916739 0.0316628 0.0159223 0.0790238 0.0226433 0.0178028 0.899795 0.907389
0.911185 0.0863722 0.0309648 0.0161686 0.095459 0.0346493 0.0172612 0.0590044 0.0201706 0.0174775 0.0915905 0.0320634 0.0159567 0.0775421 0.0223746 0.0175964 0.907389 0.914982
0.918779 0.0858829 0.0314643 0.0160806 0.0957328 0.0355784 0.0173207 0.0562172 0.0195797 0.0169428 0.0913427 0.0325495 0.0161718 0.0766443 0.0219508 0.0171143 0.914982 0.922576
0.926373 0.0852025 0.0313114 0.0160086 0.0959243 0.0354502 0.0177704 0.0529106 0.0184633 0.0161986 0.0910187 0.032519 0.0161629 0.0753606 0.0210943 0.0175843 0.922576 0.930170
0.933967 0.0846647 0.0304706 0.016721 0.0964263 0.0362237 0.0184713 0.0492411 0.0178881 0.0153052 0.0907657 0.0329616 0.0167687 0.0743411 0.0210899 0.0179279 0.930170 0.937763
0.941560 0.0839596 0.0297781 0.0168731 0.0966175 0.0365277 0.0188305 0.0458368 0.0170483 0.0143522 0.0906077 0.0332852 0.0169165 0.0727103 0.0212632 0.0179477 0.937763 0.945357
0.949154 0.0836355 0.0299917 0.0171779 0.0972027 0.036324 0.0196783 0.0427737 0.0159074 0.0137798 0.0905262 0.0331161 0.0172732 0.0719755 0.0213644 0.0182638 0.945357 0.952951
0.956748 0.0829249 0.0305032 0.0172538 0.0973218 0.0378973 0.0197051 0.0395647 0.0148458 0.0131627 0.0901867 0.0336605 0.0178463 0.0706373 0.0220624 0.0177395 0.952951 0.960545
0.964342 0.0822439 0.0296283 0.0171151 0.0977373 0.0390843 0.020506 0.035581 0.0138003 0.0117865 0.089933 0.0342289 0.018106 0.0692331 0.022677 0.0177187 0.960545 0.968138
0.971935 0.0816128 0.0301796 0.0172046 0.0979764 0.0388142 0.0209118 0.0323289 0.0129383 0.0111254 0.0894258 0.034343 0.018334 0.0683922 0.0225956 0.0178855 0.968138 0.975732
0.979529 0.0808436 0.0311757 0.0171233 0.0986235 0.039217 0.0212826 0.0272944 0.0117159 0.00960341 0.0889163 0.0349984 0.0187145 0.0671836 0.0225722 0.0178313 0.975732 0.983326
0.987123 0.0799247 0.0318237 0.0168074 0.0994952 0.0410996 0.0224271 0.0209822 0.00877197 0.00725489 0.088396 0.0358355 0.0194499 0.06559 0.0227464 0.0174747 0.983326 0.990920
0.994717 0.0793138 0.0326189 0.0170415 0.101188 0.0435573 0.0235421 0.0134321 0.00570212 0.00508792 0.0881548 0.0369783 0.0195305 0.0643538 0.0223969 0.0171169 0.990920 0.998514
1.000412 0.0783976 0.0334288 0.0178507 0.104063 0.0461102 0.0246844 0.00109966 0.000484066 0.00027015 0.0875296 0.038181 0.0192119 0.0629453 0.0218669 0.0172049 0.998514 1.002310
