#Observed stellar mass range: 9 < log10(M*/Msun) < 9.2
#Quenched threshold: Obs. SFR / Obs. SM < 1e-11 / yr
#SFHs in units of observed Msun/yr.
#True SFHs rescaled by average systematic offset of -0.223118 dex to be consistent with average observed stellar mass in bin.
#See documentation for explanation of true vs. observed SFRs and SMs.
#Bestfit galaxies in bin: 85310
#Bestfit SF galaxies in bin: 84416
#Bestfit Q galaxies in bin: 894
#Bestfit central galaxies in bin: 54465
#Bestfit satellite galaxies in bin: 30845
#Avg_scale_factor <SFH_all> Err+ Err- <SFH_SF> Err+ Err- <SFH_Q> Err+ Err- <SFH_Cen> Err+ Err- <SFH_Sat> Err+ Err- Scale_factor_begin Scale_factor_end
0.028936 7.82706e-09 4.97093e-08 7.82706e-09 7.90995e-09 2.48461e-08 7.90995e-09 0 0 0 0 0 0 2.16478e-08 1.41737e-07 2.16478e-08 0.000000 0.057873
0.059561 9.0281e-07 2.02052e-05 8.36504e-07 9.12371e-07 1.09051e-05 9.01871e-07 0 0.000116346 0 1.25338e-06 6.10287e-07 1.25338e-06 2.83783e-07 4.06924e-05 2.83783e-07 0.057873 0.061248
0.062373 8.39375e-06 6.79167e-05 7.09402e-06 5.47199e-06 6.43009e-05 4.86921e-06 0.000284281 0.000427645 0.000284222 7.20589e-06 1.25349e-05 6.94771e-06 1.04912e-05 0.000175581 8.42705e-06 0.061248 0.063498
0.064623 4.74508e-05 0.000123538 4.00048e-05 2.47485e-05 0.000101078 2.14562e-05 0.00219112 -6.23071e-05 0.00215645 2.32471e-05 2.97841e-05 2.12148e-05 9.01889e-05 0.000314459 7.62263e-05 0.063498 0.065748
0.066873 0.000110334 0.000197168 8.85858e-05 7.0801e-05 0.000156486 5.65832e-05 0.00384327 -0.000254766 0.00367963 4.90172e-05 8.08258e-05 4.20881e-05 0.000218606 0.00045919 0.000171239 0.065748 0.067998
0.069123 0.000260333 0.000392978 0.000198544 0.00021975 0.000312014 0.000178035 0.00409238 0.00118449 0.00373588 0.000151199 0.000158115 0.000128313 0.000453037 0.000925745 0.000331288 0.067998 0.070248
0.071373 0.000629928 0.000629091 0.000504564 0.000571058 0.000535393 0.000465733 0.00618874 0.000990859 0.00559255 0.000467081 0.000402006 0.000377724 0.000917477 0.00099404 0.000715421 0.070248 0.072498
0.073623 0.00115769 0.00097708 0.000900295 0.00107494 0.000870994 0.000848081 0.00897113 0.00362845 0.00776361 0.000954354 0.000665087 0.000773214 0.00151673 0.00180077 0.00111219 0.072498 0.074748
0.075873 0.0017594 0.00160935 0.00128755 0.00164371 0.00134033 0.00122887 0.0126829 0.00608779 0.010448 0.00143877 0.00101701 0.00106565 0.00232556 0.00262467 0.00169234 0.074748 0.076998
0.078123 0.00255051 0.00242743 0.00180559 0.00236857 0.0018089 0.00169966 0.0197299 0.00539049 0.0162708 0.00199781 0.0014346 0.00145075 0.00352643 0.00380268 0.00246106 0.076998 0.079248
0.080373 0.00357202 0.00300765 0.00234084 0.00332969 0.00273952 0.00225392 0.0264537 0.004811 0.0209809 0.00270658 0.00217675 0.00177204 0.00510017 0.00493397 0.00326707 0.079248 0.081498
0.082904 0.00486127 0.00370567 0.00305107 0.00459283 0.00341748 0.0029524 0.0302087 0.00696289 0.0232001 0.00356265 0.0027161 0.00225096 0.00715433 0.00587198 0.00447877 0.081498 0.084311
0.085998 0.00842688 0.00597057 0.0051483 0.00809349 0.00551273 0.00498766 0.0399071 0.00480454 0.0298547 0.00624716 0.00429316 0.00371222 0.0122758 0.00853895 0.00737719 0.084311 0.087685
0.089373 0.0117191 0.00763526 0.00676968 0.0113356 0.00668308 0.00656847 0.047936 0.00606008 0.0349979 0.00891281 0.00578119 0.00519842 0.0166745 0.0105679 0.00953715 0.087685 0.091061
0.092748 0.0150467 0.00819603 0.00805805 0.0145385 0.0074979 0.00813455 0.0630307 0.00305958 0.0448387 0.0119294 0.0067474 0.0064573 0.0205511 0.0115297 0.0111962 0.091061 0.094435
0.096123 0.018741 0.00953753 0.00925964 0.0180798 0.0080677 0.00929802 0.0811772 0.00312033 0.0572657 0.0147599 0.00806607 0.00707589 0.0257706 0.014004 0.0128029 0.094435 0.097811
0.099498 0.0228727 0.0104035 0.0102953 0.0222182 0.00909333 0.0103128 0.084675 0.0119049 0.0518607 0.0181461 0.0084105 0.00782999 0.0312186 0.0154438 0.0139734 0.097811 0.101186
0.102873 0.0265778 0.0116852 0.0109796 0.0257793 0.0104017 0.0111993 0.101979 0.00723345 0.0642141 0.0213276 0.0096974 0.00862071 0.0358483 0.01589 0.0149921 0.101186 0.104560
0.106248 0.0305525 0.0134477 0.0115392 0.0295555 0.0112733 0.0116539 0.124692 0.00237396 0.0799191 0.0249744 0.0105012 0.00957986 0.0404021 0.0173036 0.0151718 0.104560 0.107936
0.109623 0.0346244 0.0131648 0.0116603 0.0335886 0.012313 0.0119509 0.13243 0.00710219 0.0809362 0.0285522 0.0116364 0.00961205 0.0453465 0.0173218 0.0154521 0.107936 0.111310
0.112998 0.0378218 0.0147282 0.0119684 0.036647 0.0133235 0.0117783 0.148747 0.000404055 0.0917091 0.0312016 0.0123022 0.00984544 0.0495116 0.0202089 0.0155531 0.111310 0.114686
0.116373 0.0414764 0.0164826 0.0122186 0.0403149 0.0153449 0.0122711 0.151149 0.0118583 0.0869417 0.0336825 0.0146683 0.00972242 0.0552387 0.0191302 0.0170273 0.114686 0.118060
0.119748 0.0458521 0.0174766 0.0129514 0.0444917 0.014534 0.0132034 0.174306 0.0127878 0.10057 0.0368074 0.0155916 0.00983414 0.061823 0.0202004 0.0174898 0.118060 0.121435
0.123123 0.0500022 0.0189568 0.0135818 0.048278 0.0153844 0.0132073 0.212812 0 0.128866 0.0400711 0.0156261 0.0100108 0.0675382 0.0214466 0.0191521 0.121435 0.124811
0.126498 0.0543885 0.0189487 0.013728 0.0526049 0.0172357 0.0137171 0.222796 -0.00211435 0.133528 0.0436952 0.0149041 0.0103363 0.0732702 0.0217349 0.0204517 0.124811 0.128185
0.129873 0.058854 0.0192943 0.0139465 0.0570739 0.0185748 0.0145272 0.226945 0.00114949 0.128246 0.0476671 0.0152786 0.0108247 0.0786075 0.0228559 0.0209512 0.128185 0.131561
0.133248 0.0635184 0.0193743 0.0149948 0.0618061 0.0186316 0.015542 0.225207 0.0124462 0.118301 0.051357 0.0158722 0.0118475 0.0849926 0.0252135 0.0210472 0.131561 0.134935
0.137045 0.0681978 0.0210843 0.0155353 0.0665354 0.0186159 0.0158341 0.225166 0.0256663 0.107287 0.0550582 0.0162657 0.012046 0.0913991 0.0253196 0.021682 0.134935 0.139154
0.141685 0.0755755 0.0208554 0.0168246 0.0737466 0.0188945 0.0170303 0.248273 0.026942 0.116494 0.0610272 0.0180388 0.0128525 0.101264 0.027526 0.0241443 0.139154 0.144217
0.146748 0.0827688 0.0220168 0.0178058 0.0808281 0.0200463 0.0184526 0.26602 0.0349029 0.12224 0.0668653 0.0198763 0.0133704 0.110851 0.0314597 0.0262089 0.144217 0.149279
0.151810 0.0904613 0.0244652 0.0196378 0.0882267 0.0215952 0.0201932 0.301468 0.0373204 0.144335 0.0727172 0.022529 0.0143642 0.121793 0.0324569 0.0291636 0.149279 0.154342
0.156873 0.0981231 0.0281525 0.0211894 0.0957412 0.0242019 0.0222199 0.32303 0.0432187 0.154915 0.0786401 0.0242669 0.0163765 0.132525 0.0366551 0.0321624 0.154342 0.159404
0.161935 0.105671 0.0317216 0.022484 0.103232 0.0270362 0.0235812 0.335949 0.0600534 0.155373 0.0845959 0.0257797 0.0170169 0.142884 0.04208 0.0347781 0.159404 0.164467
0.166998 0.113992 0.0333243 0.0245418 0.111152 0.0295978 0.0247228 0.382153 0.0363946 0.191557 0.0920812 0.0273793 0.0189062 0.152682 0.0420768 0.0373292 0.164467 0.169529
0.172060 0.121143 0.0342366 0.0255601 0.118121 0.0293857 0.025592 0.406558 0.0294782 0.201612 0.0982578 0.028484 0.0198744 0.161554 0.0416656 0.0396242 0.169529 0.174591
0.177123 0.129025 0.0363646 0.0270121 0.125992 0.0305097 0.0285649 0.415371 0.0533015 0.20086 0.105432 0.0301705 0.021118 0.170684 0.0443716 0.0410666 0.174591 0.179654
0.182185 0.137056 0.0387191 0.0304339 0.133797 0.0317991 0.0313439 0.444815 0.058855 0.220976 0.112205 0.0318817 0.0225501 0.180938 0.0463248 0.0447434 0.179654 0.184716
0.187248 0.143847 0.0372905 0.0325381 0.140538 0.0330061 0.0336231 0.45631 0.0625752 0.223277 0.117643 0.0330494 0.0235934 0.190118 0.0502272 0.0451075 0.184716 0.189779
0.192310 0.15022 0.0391176 0.0337741 0.147136 0.0338174 0.0359318 0.44134 0.0894868 0.199191 0.123416 0.0320056 0.0251864 0.197548 0.0526185 0.0445821 0.189779 0.194842
0.197373 0.158108 0.0412826 0.0366557 0.154891 0.0352011 0.0382998 0.461878 0.0832112 0.212905 0.130094 0.0357594 0.0270087 0.207573 0.0562477 0.0473213 0.194842 0.199904
0.202435 0.165729 0.0437732 0.0367363 0.162455 0.0363978 0.0406677 0.474901 0.0799417 0.212303 0.13623 0.0366543 0.0284603 0.217818 0.0577049 0.0526738 0.199904 0.204967
0.207498 0.173127 0.0482975 0.0395856 0.16955 0.0380001 0.042456 0.510876 0.0708735 0.241893 0.142619 0.037516 0.0301534 0.226997 0.0588652 0.0564263 0.204967 0.210029
0.212560 0.179427 0.0447798 0.0396571 0.176111 0.0393151 0.043614 0.49261 0.093297 0.214274 0.148839 0.0380153 0.0314969 0.233439 0.0586953 0.0596563 0.210029 0.215091
0.217623 0.186574 0.0418063 0.0423491 0.182925 0.0407036 0.0458765 0.531125 0.085372 0.242513 0.155016 0.038959 0.0327565 0.242299 0.0587658 0.0627365 0.215091 0.220154
0.222685 0.193756 0.0431837 0.0464377 0.189832 0.0416243 0.0485538 0.564298 0.0772528 0.276462 0.161425 0.0385488 0.03351 0.250843 0.0628184 0.0685671 0.220154 0.225217
0.227748 0.200098 0.046985 0.0501337 0.196413 0.0425116 0.0513617 0.547994 0.0998996 0.249525 0.167892 0.0380981 0.036757 0.256965 0.0645868 0.0713405 0.225217 0.230279
0.232810 0.207117 0.0511168 0.0545314 0.203404 0.0418169 0.0550078 0.557742 0.100476 0.250998 0.174344 0.0416194 0.0408621 0.264986 0.0648494 0.0749422 0.230279 0.235342
0.237873 0.213886 0.049788 0.0566644 0.210339 0.0465458 0.0585822 0.548829 0.120603 0.231378 0.180989 0.0424032 0.0437707 0.271973 0.0648322 0.0784662 0.235342 0.240404
0.242935 0.219897 0.0484794 0.0588405 0.216311 0.0459165 0.0614421 0.558565 0.117385 0.237135 0.186898 0.0458099 0.045815 0.278166 0.0630121 0.0812161 0.240404 0.245467
0.247998 0.225698 0.0475884 0.0621573 0.222006 0.0441762 0.0636147 0.574286 0.107133 0.249146 0.193027 0.0455149 0.0494986 0.283386 0.0620416 0.0836306 0.245467 0.250529
0.253060 0.231532 0.048715 0.0633378 0.227814 0.0453325 0.0675173 0.582574 0.111189 0.2491 0.198588 0.0460384 0.0502359 0.289703 0.0640176 0.086016 0.250529 0.255592
0.258123 0.238252 0.0548734 0.0647394 0.234546 0.0471209 0.0687388 0.588159 0.124706 0.242443 0.205371 0.0505952 0.0511747 0.296313 0.0636494 0.0885896 0.255592 0.260654
0.263185 0.244788 0.0578692 0.0670484 0.241225 0.0478551 0.0721795 0.581229 0.120821 0.23701 0.211342 0.0514061 0.054116 0.303845 0.0657709 0.0904947 0.260654 0.265716
0.268248 0.251958 0.0564598 0.0697967 0.248468 0.0504464 0.0744884 0.581504 0.116302 0.233688 0.218259 0.0516245 0.0580355 0.311464 0.064562 0.0910641 0.265716 0.270779
0.273310 0.259296 0.0610545 0.073245 0.255973 0.0538953 0.077305 0.573086 0.119485 0.222683 0.225517 0.0534507 0.060898 0.318942 0.0652491 0.0945649 0.270779 0.275842
0.278373 0.266458 0.0648461 0.0763561 0.263139 0.0549007 0.0794829 0.57982 0.105047 0.230351 0.232836 0.0560511 0.0631502 0.325825 0.0715375 0.0948962 0.275842 0.280904
0.283435 0.27233 0.0659949 0.0773925 0.268955 0.0550772 0.0825096 0.591074 0.102871 0.236385 0.239604 0.0579996 0.0659395 0.330116 0.079622 0.0961631 0.280904 0.285967
0.288498 0.278949 0.0680496 0.0794062 0.275896 0.0557782 0.086015 0.56729 0.127997 0.213157 0.247454 0.0602373 0.0683346 0.334563 0.0844792 0.0979468 0.285967 0.291029
0.293560 0.285383 0.0690345 0.0821893 0.282458 0.057659 0.0892753 0.561632 0.15425 0.205273 0.255044 0.0598681 0.072332 0.338956 0.088829 0.0992511 0.291029 0.296091
0.298623 0.292778 0.0704151 0.0856224 0.289813 0.0627943 0.0896429 0.572715 0.151198 0.216701 0.263336 0.0603667 0.0762242 0.344766 0.0894268 0.104013 0.296091 0.301154
0.303685 0.299048 0.0723166 0.086678 0.2962 0.0668034 0.0934136 0.56804 0.156961 0.206177 0.270522 0.0625642 0.0799268 0.34942 0.0895786 0.106991 0.301154 0.306217
0.308748 0.306026 0.0717558 0.0907431 0.303021 0.0687304 0.0956917 0.589821 0.138966 0.227044 0.278583 0.0639067 0.0823697 0.354483 0.0889732 0.107558 0.306217 0.311279
0.313810 0.31268 0.0737378 0.0933275 0.309865 0.0692616 0.0965134 0.578475 0.138074 0.211709 0.286604 0.0668758 0.0835452 0.358725 0.0904154 0.109683 0.311279 0.316341
0.318873 0.318899 0.0805961 0.0955706 0.316465 0.0738488 0.0993843 0.548716 0.153369 0.180759 0.294395 0.0693879 0.0871766 0.362166 0.0915246 0.110588 0.316341 0.321404
0.323935 0.326703 0.0792437 0.100382 0.324362 0.0746686 0.103651 0.54776 0.165996 0.183356 0.303553 0.0747142 0.0928899 0.367581 0.0926443 0.113305 0.321404 0.326466
0.328997 0.334291 0.0792162 0.103146 0.33203 0.0736164 0.106182 0.547789 0.178145 0.175092 0.312654 0.0743639 0.0975576 0.372497 0.0963794 0.112967 0.326466 0.331528
0.334060 0.34157 0.0812722 0.105055 0.339548 0.0722349 0.110147 0.532524 0.181428 0.164301 0.322014 0.0733912 0.100616 0.3761 0.0997654 0.113421 0.331528 0.336591
0.339122 0.348262 0.0832042 0.106183 0.34649 0.0769102 0.110308 0.515513 0.182296 0.139569 0.330491 0.0725709 0.101731 0.37964 0.103686 0.114095 0.336591 0.341653
0.344185 0.35401 0.0850899 0.107747 0.35222 0.0814416 0.110873 0.523099 0.181908 0.144995 0.338083 0.074274 0.104282 0.382134 0.105122 0.113407 0.341653 0.346716
0.349247 0.361068 0.0861051 0.109441 0.359329 0.0865091 0.110803 0.525292 0.168231 0.145977 0.347206 0.0792816 0.105457 0.385545 0.104014 0.111975 0.346716 0.351779
0.354310 0.367973 0.0914223 0.111069 0.36663 0.0911909 0.112026 0.494738 0.185616 0.109816 0.355834 0.084564 0.107207 0.389407 0.10678 0.111856 0.351779 0.356841
0.359372 0.375782 0.098566 0.111007 0.374508 0.0960526 0.113042 0.496113 0.19468 0.10883 0.365908 0.0899883 0.110123 0.393218 0.11168 0.111568 0.356841 0.361903
0.364435 0.383962 0.10647 0.110478 0.382391 0.100806 0.11279 0.532326 0.165027 0.140052 0.376532 0.0982546 0.111271 0.397081 0.118829 0.109117 0.361903 0.366966
0.369497 0.392086 0.113645 0.111725 0.390405 0.104699 0.113338 0.550841 0.141062 0.152824 0.386662 0.107296 0.113026 0.401663 0.11848 0.106255 0.366966 0.372028
0.374560 0.400967 0.116357 0.112907 0.399522 0.110277 0.115459 0.537344 0.148812 0.145257 0.397481 0.1155 0.114673 0.407121 0.119204 0.105398 0.372028 0.377091
0.379622 0.409257 0.118772 0.112077 0.408032 0.117043 0.115382 0.524928 0.157351 0.1328 0.408199 0.119536 0.11703 0.411126 0.122423 0.106341 0.377091 0.382154
0.384685 0.417805 0.121306 0.11031 0.416861 0.11984 0.115873 0.50699 0.153792 0.116956 0.419484 0.124339 0.118409 0.414841 0.124256 0.107687 0.382154 0.387216
0.389747 0.426626 0.122827 0.112026 0.42566 0.121661 0.116223 0.517838 0.137241 0.120099 0.431084 0.127323 0.118892 0.418754 0.12449 0.109049 0.387216 0.392278
0.394810 0.436532 0.124425 0.115255 0.435571 0.123277 0.11656 0.527325 0.137983 0.124993 0.443404 0.128155 0.120872 0.424399 0.125177 0.110624 0.392278 0.397341
0.399872 0.446528 0.124739 0.119036 0.445892 0.123552 0.118726 0.506595 0.16315 0.113165 0.455579 0.128562 0.122675 0.430546 0.131108 0.111194 0.397341 0.402404
0.404935 0.457991 0.127665 0.121143 0.457676 0.125967 0.121232 0.487737 0.165387 0.102049 0.469696 0.128887 0.126279 0.437324 0.138824 0.110514 0.402404 0.407466
0.409997 0.471169 0.131105 0.122968 0.470631 0.127271 0.123431 0.521982 0.138415 0.126435 0.485222 0.132374 0.128023 0.446356 0.137219 0.110163 0.407466 0.412529
0.415060 0.482715 0.14137 0.121885 0.482422 0.132113 0.122954 0.51039 0.164561 0.113913 0.499695 0.140657 0.130662 0.452732 0.13477 0.109314 0.412529 0.417591
0.420122 0.495478 0.149464 0.12385 0.495503 0.141735 0.12466 0.493057 0.171196 0.0974261 0.516017 0.14285 0.133465 0.45921 0.139754 0.109801 0.417591 0.422653
0.425185 0.507154 0.147852 0.124682 0.507646 0.14824 0.124117 0.460754 0.199531 0.0701228 0.5297 0.145543 0.132594 0.467344 0.145541 0.10937 0.422653 0.427716
0.430247 0.520778 0.14615 0.122787 0.521393 0.146453 0.123515 0.462737 0.193477 0.0686674 0.546447 0.152691 0.133557 0.475453 0.15129 0.110798 0.427716 0.432779
0.435310 0.535758 0.153181 0.122498 0.53671 0.153564 0.125135 0.445885 0.204114 0.0662431 0.564401 0.159191 0.135092 0.485181 0.150827 0.113044 0.432779 0.437841
0.440372 0.549014 0.160426 0.127555 0.550119 0.161435 0.123034 0.444699 0.194395 0.0742609 0.579362 0.166415 0.135501 0.495427 0.149645 0.113266 0.437841 0.442903
0.445435 0.564036 0.167755 0.131596 0.565323 0.169241 0.129292 0.442526 0.170909 0.0929314 0.598355 0.175498 0.132643 0.503438 0.150709 0.113658 0.442903 0.447966
0.450497 0.579696 0.168956 0.133634 0.581554 0.171981 0.13094 0.404228 0.174542 0.0754922 0.615805 0.184771 0.13736 0.515934 0.158355 0.112436 0.447966 0.453029
0.455560 0.598047 0.168726 0.134898 0.600345 0.172887 0.132355 0.381049 0.179387 0.0716703 0.637889 0.184164 0.145607 0.527695 0.164193 0.113112 0.453029 0.458091
0.460622 0.617746 0.177527 0.136455 0.620567 0.176868 0.13087 0.35134 0.176117 0.0653881 0.660708 0.185979 0.148158 0.541884 0.169298 0.116994 0.458091 0.463154
0.465685 0.63866 0.189646 0.139724 0.641749 0.19515 0.134153 0.346961 0.154807 0.0778821 0.684585 0.195826 0.147481 0.557569 0.17513 0.121826 0.463154 0.468216
0.470747 0.659243 0.195729 0.142108 0.66297 0.20131 0.136777 0.307327 0.155161 0.0648816 0.709622 0.207637 0.149622 0.570287 0.178623 0.127709 0.468216 0.473278
0.475810 0.682059 0.205045 0.143536 0.686433 0.212346 0.135939 0.269064 0.150746 0.0629102 0.736739 0.219262 0.153487 0.585506 0.187381 0.132616 0.473278 0.478341
0.480872 0.710167 0.216661 0.148748 0.715439 0.223127 0.14099 0.212409 0.142029 0.0382137 0.771439 0.226338 0.158647 0.601975 0.194234 0.137416 0.478341 0.483404
0.485935 0.741164 0.225152 0.153923 0.747198 0.226308 0.14659 0.171432 0.133314 0.0336267 0.809578 0.234803 0.165488 0.620362 0.201029 0.142022 0.483404 0.488466
0.490997 0.776313 0.233514 0.161482 0.783303 0.235069 0.152521 0.116269 0.121326 0.0154947 0.85419 0.250326 0.172939 0.638802 0.2087 0.142983 0.488466 0.493528
0.496060 0.818021 0.247442 0.172457 0.825891 0.252988 0.157315 0.0748885 0.0716797 0.015911 0.907363 0.263013 0.1851 0.660263 0.213699 0.146707 0.493528 0.498591
0.501122 0.867507 0.260285 0.180688 0.876667 0.276475 0.161898 0.0025771 0.00104527 0.000568477 0.971522 0.28271 0.19764 0.683841 0.220208 0.153064 0.498591 0.503654
0.506185 0 0 0 0 0 0 0 0 0 0 0 0 0 0 0 0.503654 0.508716
0.511247 0 0 0 0 0 0 0 0 0 0 0 0 0 0 0 0.508716 0.513778
0.516310 0 0 0 0 0 0 0 0 0 0 0 0 0 0 0 0.513778 0.518841
0.521372 0 0 0 0 0 0 0 0 0 0 0 0 0 0 0 0.518841 0.523903
0.526435 0 0 0 0 0 0 0 0 0 0 0 0 0 0 0 0.523903 0.528966
0.531497 0 0 0 0 0 0 0 0 0 0 0 0 0 0 0 0.528966 0.534029
0.536560 0 0 0 0 0 0 0 0 0 0 0 0 0 0 0 0.534029 0.539091
0.541622 0 0 0 0 0 0 0 0 0 0 0 0 0 0 0 0.539091 0.544153
0.546685 0 0 0 0 0 0 0 0 0 0 0 0 0 0 0 0.544153 0.549216
0.551747 0 0 0 0 0 0 0 0 0 0 0 0 0 0 0 0.549216 0.554278
0.556810 0 0 0 0 0 0 0 0 0 0 0 0 0 0 0 0.554278 0.559341
0.561872 0 0 0 0 0 0 0 0 0 0 0 0 0 0 0 0.559341 0.564404
0.566935 0 0 0 0 0 0 0 0 0 0 0 0 0 0 0 0.564404 0.569466
0.571997 0 0 0 0 0 0 0 0 0 0 0 0 0 0 0 0.569466 0.574528
0.577060 0 0 0 0 0 0 0 0 0 0 0 0 0 0 0 0.574528 0.579592
0.582123 0 0 0 0 0 0 0 0 0 0 0 0 0 0 0 0.579592 0.584654
0.587185 0 0 0 0 0 0 0 0 0 0 0 0 0 0 0 0.584654 0.589717
0.592248 0 0 0 0 0 0 0 0 0 0 0 0 0 0 0 0.589717 0.594779
0.597310 0 0 0 0 0 0 0 0 0 0 0 0 0 0 0 0.594779 0.599841
0.602373 0 0 0 0 0 0 0 0 0 0 0 0 0 0 0 0.599841 0.604904
0.607435 0 0 0 0 0 0 0 0 0 0 0 0 0 0 0 0.604904 0.609967
0.612498 0 0 0 0 0 0 0 0 0 0 0 0 0 0 0 0.609967 0.615029
0.617560 0 0 0 0 0 0 0 0 0 0 0 0 0 0 0 0.615029 0.620092
0.622623 0 0 0 0 0 0 0 0 0 0 0 0 0 0 0 0.620092 0.625154
0.627685 0 0 0 0 0 0 0 0 0 0 0 0 0 0 0 0.625154 0.630216
0.632748 0 0 0 0 0 0 0 0 0 0 0 0 0 0 0 0.630216 0.635279
0.637810 0 0 0 0 0 0 0 0 0 0 0 0 0 0 0 0.635279 0.640342
0.642873 0 0 0 0 0 0 0 0 0 0 0 0 0 0 0 0.640342 0.645404
0.647935 0 0 0 0 0 0 0 0 0 0 0 0 0 0 0 0.645404 0.650466
0.652998 0 0 0 0 0 0 0 0 0 0 0 0 0 0 0 0.650466 0.655529
0.658060 0 0 0 0 0 0 0 0 0 0 0 0 0 0 0 0.655529 0.660591
0.663123 0 0 0 0 0 0 0 0 0 0 0 0 0 0 0 0.660591 0.665654
0.668185 0 0 0 0 0 0 0 0 0 0 0 0 0 0 0 0.665654 0.670717
0.673248 0 0 0 0 0 0 0 0 0 0 0 0 0 0 0 0.670717 0.675779
0.678310 0 0 0 0 0 0 0 0 0 0 0 0 0 0 0 0.675779 0.680841
0.684006 0 0 0 0 0 0 0 0 0 0 0 0 0 0 0 0.680841 0.687170
0.690967 0 0 0 0 0 0 0 0 0 0 0 0 0 0 0 0.687170 0.694764
0.698560 0 0 0 0 0 0 0 0 0 0 0 0 0 0 0 0.694764 0.702357
0.706154 0 0 0 0 0 0 0 0 0 0 0 0 0 0 0 0.702357 0.709951
0.713748 0 0 0 0 0 0 0 0 0 0 0 0 0 0 0 0.709951 0.717545
0.721342 0 0 0 0 0 0 0 0 0 0 0 0 0 0 0 0.717545 0.725139
0.728935 0 0 0 0 0 0 0 0 0 0 0 0 0 0 0 0.725139 0.732732
0.736529 0 0 0 0 0 0 0 0 0 0 0 0 0 0 0 0.732732 0.740326
0.744123 0 0 0 0 0 0 0 0 0 0 0 0 0 0 0 0.740326 0.747920
0.751717 0 0 0 0 0 0 0 0 0 0 0 0 0 0 0 0.747920 0.755513
0.759310 0 0 0 0 0 0 0 0 0 0 0 0 0 0 0 0.755513 0.763107
0.766904 0 0 0 0 0 0 0 0 0 0 0 0 0 0 0 0.763107 0.770701
0.774498 0 0 0 0 0 0 0 0 0 0 0 0 0 0 0 0.770701 0.778295
0.782092 0 0 0 0 0 0 0 0 0 0 0 0 0 0 0 0.778295 0.785888
0.789685 0 0 0 0 0 0 0 0 0 0 0 0 0 0 0 0.785888 0.793482
0.797279 0 0 0 0 0 0 0 0 0 0 0 0 0 0 0 0.793482 0.801076
0.804873 0 0 0 0 0 0 0 0 0 0 0 0 0 0 0 0.801076 0.808670
0.812467 0 0 0 0 0 0 0 0 0 0 0 0 0 0 0 0.808670 0.816263
0.820060 0 0 0 0 0 0 0 0 0 0 0 0 0 0 0 0.816263 0.823857
0.827654 0 0 0 0 0 0 0 0 0 0 0 0 0 0 0 0.823857 0.831451
0.835248 0 0 0 0 0 0 0 0 0 0 0 0 0 0 0 0.831451 0.839045
0.842842 0 0 0 0 0 0 0 0 0 0 0 0 0 0 0 0.839045 0.846639
0.850435 0 0 0 0 0 0 0 0 0 0 0 0 0 0 0 0.846639 0.854232
0.858029 0 0 0 0 0 0 0 0 0 0 0 0 0 0 0 0.854232 0.861826
0.865623 0 0 0 0 0 0 0 0 0 0 0 0 0 0 0 0.861826 0.869420
0.873217 0 0 0 0 0 0 0 0 0 0 0 0 0 0 0 0.869420 0.877014
0.880810 0 0 0 0 0 0 0 0 0 0 0 0 0 0 0 0.877014 0.884607
0.888404 0 0 0 0 0 0 0 0 0 0 0 0 0 0 0 0.884607 0.892201
0.895998 0 0 0 0 0 0 0 0 0 0 0 0 0 0 0 0.892201 0.899795
0.903592 0 0 0 0 0 0 0 0 0 0 0 0 0 0 0 0.899795 0.907389
0.911185 0 0 0 0 0 0 0 0 0 0 0 0 0 0 0 0.907389 0.914982
0.918779 0 0 0 0 0 0 0 0 0 0 0 0 0 0 0 0.914982 0.922576
0.926373 0 0 0 0 0 0 0 0 0 0 0 0 0 0 0 0.922576 0.930170
0.933967 0 0 0 0 0 0 0 0 0 0 0 0 0 0 0 0.930170 0.937763
0.941560 0 0 0 0 0 0 0 0 0 0 0 0 0 0 0 0.937763 0.945357
0.949154 0 0 0 0 0 0 0 0 0 0 0 0 0 0 0 0.945357 0.952951
0.956748 0 0 0 0 0 0 0 0 0 0 0 0 0 0 0 0.952951 0.960545
0.964342 0 0 0 0 0 0 0 0 0 0 0 0 0 0 0 0.960545 0.968138
0.971935 0 0 0 0 0 0 0 0 0 0 0 0 0 0 0 0.968138 0.975732
0.979529 0 0 0 0 0 0 0 0 0 0 0 0 0 0 0 0.975732 0.983326
0.987123 0 0 0 0 0 0 0 0 0 0 0 0 0 0 0 0.983326 0.990920
0.994717 0 0 0 0 0 0 0 0 0 0 0 0 0 0 0 0.990920 0.998514
1.000412 0 0 0 0 0 0 0 0 0 0 0 0 0 0 0 0.998514 1.002310
