#Observed stellar mass range: 9.4 < log10(M*/Msun) < 9.6
#Quenched threshold: Obs. SFR / Obs. SM < 1e-11 / yr
#SFHs in units of observed Msun/yr.
#True SFHs rescaled by average systematic offset of -0.244144 dex to be consistent with average observed stellar mass in bin.
#See documentation for explanation of true vs. observed SFRs and SMs.
#Bestfit galaxies in bin: 37089
#Bestfit SF galaxies in bin: 35006
#Bestfit Q galaxies in bin: 2083
#Bestfit central galaxies in bin: 27228
#Bestfit satellite galaxies in bin: 9861
#Avg_scale_factor <SFH_all> Err+ Err- <SFH_SF> Err+ Err- <SFH_Q> Err+ Err- <SFH_Cen> Err+ Err- <SFH_Sat> Err+ Err- Scale_factor_begin Scale_factor_end
0.028936 0 2.14231e-05 0 0 1.9712e-05 0 0 0 0 0 7.49318e-07 0 0 7.33045e-05 0 0.000000 0.057873
0.059561 0.00018018 0.000584842 0.000163454 0.000144337 0.000477976 0.000134487 0.000782555 0.00428728 0.000707241 0.000163112 0.000355836 0.000150313 0.00022731 0.00146229 0.000207103 0.057873 0.061248
0.062373 0.000740736 0.00199953 0.000625067 0.000629955 0.00134123 0.00057574 0.00260247 0.00863665 0.00210337 0.000719178 0.00117889 0.000672216 0.000800261 0.00401203 0.000608807 0.061248 0.063498
0.064623 0.00215275 0.00422204 0.00189164 0.00182233 0.00333148 0.00161996 0.00770576 0.0155061 0.0069163 0.00216508 0.00270695 0.00197523 0.00211871 0.00791396 0.00172979 0.063498 0.065748
0.066873 0.00464782 0.00452558 0.00413825 0.0042594 0.00399666 0.00382178 0.0111753 0.0128112 0.00957647 0.00374888 0.00323664 0.00333497 0.00712994 0.00966216 0.00635581 0.065748 0.067998
0.069123 0.00653121 0.00578594 0.00547338 0.00582918 0.00560298 0.00495084 0.0183293 0.0180951 0.0151995 0.00557227 0.00520221 0.00463631 0.00917905 0.00769769 0.00768636 0.067998 0.070248
0.071373 0.00906697 0.00700187 0.00680986 0.00784291 0.00604008 0.00602595 0.0296381 0.0279329 0.0223484 0.00700097 0.00584968 0.00542072 0.0147716 0.0125211 0.0115428 0.070248 0.072498
0.073623 0.0141762 0.0107025 0.010038 0.0120933 0.00988822 0.00866153 0.0491804 0.0353858 0.0360127 0.010695 0.0102609 0.00739134 0.0237884 0.0163178 0.0176313 0.072498 0.074748
0.075873 0.0198097 0.0160428 0.013784 0.0172422 0.0130853 0.0116966 0.0629578 0.0480719 0.0444939 0.0160216 0.0138539 0.0110674 0.0302692 0.0230251 0.0206913 0.074748 0.076998
0.078123 0.0272066 0.0221365 0.0175184 0.0242012 0.0179754 0.0158639 0.077715 0.0572292 0.0505665 0.0231593 0.0192228 0.0155846 0.038382 0.0315889 0.0239096 0.076998 0.079248
0.080373 0.0351916 0.0250868 0.0220694 0.0308846 0.0235508 0.0202018 0.107573 0.0566442 0.0708401 0.0311345 0.0232837 0.0199398 0.0463939 0.034091 0.0288313 0.079248 0.081498
0.082904 0.0413507 0.0242666 0.025027 0.0361897 0.0250809 0.0226117 0.128085 0.045397 0.0831029 0.03605 0.0236638 0.0212829 0.0559871 0.0281967 0.0336081 0.081498 0.084311
0.085998 0.0606696 0.0360683 0.0347128 0.0530486 0.0319137 0.0304871 0.188745 0.0587195 0.11583 0.0524307 0.0322083 0.0297777 0.0834189 0.0477379 0.0470619 0.084311 0.087685
0.089373 0.0789432 0.0396475 0.0409772 0.0693507 0.0366523 0.0372248 0.24015 0.0522086 0.143574 0.069002 0.0352367 0.0352819 0.106393 0.0522167 0.0553086 0.087685 0.091061
0.092748 0.0972411 0.0436285 0.0469071 0.0851194 0.0431799 0.0418396 0.300953 0.0563115 0.178038 0.0859643 0.0403511 0.0410295 0.128378 0.0585029 0.0629024 0.091061 0.094435
0.096123 0.116491 0.0513243 0.0491337 0.103809 0.0441092 0.0477575 0.329621 0.0763572 0.170364 0.101103 0.0493291 0.0411503 0.158978 0.0615086 0.0712151 0.094435 0.097811
0.099498 0.136858 0.0596638 0.0526751 0.122079 0.0482181 0.0499657 0.38523 0.0617747 0.191047 0.11969 0.0485097 0.0444872 0.184262 0.0663372 0.0753913 0.097811 0.101186
0.102873 0.160741 0.0591831 0.0570456 0.143064 0.0504808 0.0522884 0.457797 0.0737713 0.213896 0.139967 0.0533606 0.0493479 0.218099 0.0788081 0.0790498 0.101186 0.104560
0.106248 0.183869 0.0597851 0.0612265 0.161499 0.0570261 0.055938 0.559806 0.0604001 0.269396 0.159873 0.0542429 0.0514249 0.250125 0.0819599 0.0872607 0.104560 0.107936
0.109623 0.20678 0.0617499 0.0636997 0.181275 0.0613937 0.0573205 0.6354 0.0719277 0.300927 0.180494 0.0570092 0.0546647 0.279359 0.0891915 0.0890899 0.107936 0.111310
0.112998 0.229951 0.0712563 0.0632143 0.204832 0.0615727 0.0602062 0.652098 0.11551 0.267164 0.203012 0.063392 0.0558467 0.304334 0.0972329 0.0842808 0.111310 0.114686
0.116373 0.254049 0.0753065 0.0646859 0.227496 0.0647858 0.0648294 0.700278 0.137268 0.278205 0.222758 0.0699367 0.0582939 0.340449 0.107484 0.0884353 0.114686 0.118060
0.119748 0.278214 0.0822039 0.0689825 0.249888 0.0702428 0.0666413 0.754237 0.172922 0.295315 0.240916 0.0692706 0.0571478 0.381199 0.118344 0.0982616 0.118060 0.121435
0.123123 0.305877 0.0864688 0.077904 0.275444 0.0751386 0.0685421 0.817327 0.19268 0.305306 0.262778 0.0710048 0.0632448 0.424881 0.134296 0.112706 0.121435 0.124811
0.126498 0.338776 0.0901511 0.0865735 0.304463 0.0801896 0.0763589 0.915431 0.204505 0.34653 0.288578 0.0702283 0.0694639 0.477382 0.143324 0.128537 0.124811 0.128185
0.129873 0.37313 0.0996832 0.0904967 0.334901 0.0835544 0.0845773 1.01558 0.20547 0.390612 0.315684 0.0790242 0.077746 0.531748 0.146749 0.148708 0.128185 0.131561
0.133248 0.409743 0.105439 0.101532 0.365834 0.0948489 0.0916728 1.14767 0.191196 0.454002 0.348482 0.0880009 0.0846989 0.578895 0.155666 0.161505 0.131561 0.134935
0.137045 0.443185 0.111011 0.111211 0.398052 0.0988915 0.095964 1.20167 0.232022 0.466925 0.379995 0.0975534 0.0894261 0.617663 0.164463 0.170729 0.134935 0.139154
0.141685 0.491663 0.130601 0.114795 0.444148 0.106741 0.102796 1.29019 0.277616 0.447712 0.423362 0.114873 0.0934447 0.680253 0.186082 0.185425 0.139154 0.144217
0.146748 0.553079 0.135465 0.126293 0.498876 0.112806 0.11571 1.46399 0.265668 0.516482 0.473081 0.116766 0.107375 0.773969 0.192112 0.201402 0.144217 0.149279
0.151810 0.608554 0.147297 0.142993 0.550824 0.120717 0.128301 1.57874 0.388106 0.522717 0.520216 0.12411 0.114564 0.852469 0.23194 0.210073 0.149279 0.154342
0.156873 0.671103 0.167107 0.155187 0.607738 0.136673 0.143843 1.73598 0.381489 0.619164 0.569545 0.140253 0.126948 0.951521 0.238832 0.240133 0.154342 0.159404
0.161935 0.735412 0.178703 0.177576 0.665519 0.148716 0.154554 1.91001 0.370738 0.69241 0.61671 0.154175 0.137126 1.06317 0.245432 0.288056 0.159404 0.164467
0.166998 0.791562 0.193789 0.193903 0.719634 0.154662 0.168752 2.00035 0.393836 0.722378 0.667704 0.163749 0.146904 1.13356 0.258182 0.303592 0.164467 0.169529
0.172060 0.855502 0.200068 0.211319 0.7753 0.159697 0.183996 2.20334 0.332218 0.841174 0.724694 0.159891 0.158946 1.21668 0.282906 0.339619 0.169529 0.174591
0.177123 0.92198 0.201348 0.221838 0.832534 0.160598 0.201873 2.42516 0.367131 0.969864 0.782447 0.168507 0.171785 1.30725 0.305226 0.371694 0.174591 0.179654
0.182185 0.991965 0.218693 0.252007 0.901373 0.169308 0.220221 2.51442 0.369729 0.991908 0.848719 0.187334 0.192183 1.38749 0.305538 0.395491 0.179654 0.184716
0.187248 1.05726 0.255388 0.265304 0.966228 0.182882 0.242261 2.58709 0.378182 1.01433 0.906632 0.217973 0.206997 1.47317 0.339894 0.423535 0.184716 0.189779
0.192310 1.12294 0.266868 0.286588 1.0295 0.18608 0.255801 2.69312 0.358081 1.04618 0.966926 0.228387 0.223865 1.55371 0.350071 0.450817 0.189779 0.194842
0.197373 1.17576 0.272121 0.293803 1.08148 0.205611 0.262637 2.76018 0.439759 1.04629 1.02228 0.234427 0.242262 1.59954 0.369716 0.458457 0.194842 0.199904
0.202435 1.24173 0.279517 0.320324 1.14898 0.23452 0.294007 2.80043 0.578683 1.03743 1.08859 0.240708 0.263774 1.66458 0.392631 0.472777 0.199904 0.204967
0.207498 1.31146 0.282499 0.336208 1.22099 0.252309 0.311353 2.83187 0.606594 1.02748 1.15684 0.252107 0.277555 1.7384 0.406276 0.490175 0.204967 0.210029
0.212560 1.37327 0.30873 0.35469 1.28362 0.267431 0.326536 2.87989 0.662657 1.05193 1.22174 0.268335 0.305377 1.79167 0.422122 0.486911 0.210029 0.215091
0.217623 1.42772 0.319319 0.374167 1.3385 0.285113 0.347162 2.92701 0.655377 1.03378 1.28439 0.279122 0.332829 1.82348 0.440009 0.49203 0.215091 0.220154
0.222685 1.48622 0.340565 0.394912 1.39821 0.299831 0.382823 2.96528 0.603399 1.05393 1.35148 0.283289 0.364431 1.85826 0.502907 0.504934 0.220154 0.225217
0.227748 1.54002 0.368765 0.41941 1.4551 0.312 0.405137 2.96698 0.629 1.03506 1.41611 0.305742 0.389801 1.88214 0.535808 0.505537 0.225217 0.230279
0.232810 1.60862 0.403904 0.442735 1.52563 0.333241 0.438813 3.00345 0.665828 1.0217 1.4943 0.339112 0.418441 1.92431 0.529203 0.527325 0.230279 0.235342
0.237873 1.67586 0.425019 0.458339 1.59877 0.36113 0.471291 2.9713 0.797736 0.951981 1.57167 0.362736 0.440098 1.96354 0.519827 0.53522 0.235342 0.240404
0.242935 1.75013 0.4516 0.492268 1.67232 0.388618 0.49233 3.0577 0.846892 0.985568 1.65805 0.404306 0.466258 2.00438 0.499137 0.55665 0.240404 0.245467
0.247998 1.80206 0.473457 0.49517 1.73287 0.422996 0.514381 2.96481 1.02678 0.925745 1.72595 0.441591 0.47531 2.01222 0.520582 0.553452 0.245467 0.250529
0.253060 1.86793 0.469021 0.515475 1.80585 0.433242 0.523969 2.91124 1.00526 0.815402 1.80603 0.462554 0.503766 2.03886 0.499003 0.548651 0.250529 0.255592
0.258123 1.93112 0.485644 0.540122 1.87314 0.454413 0.5324 2.90551 1.0148 0.819393 1.8888 0.472365 0.523127 2.04799 0.515178 0.543118 0.255592 0.260654
0.263185 1.98843 0.521194 0.546895 1.93888 0.489573 0.553644 2.82112 1.01829 0.7839 1.96345 0.513939 0.544814 2.0574 0.532694 0.545574 0.260654 0.265716
0.268248 2.05013 0.575436 0.555286 2.01365 0.529692 0.565862 2.66321 1.11082 0.624842 2.04537 0.569711 0.562042 2.06327 0.567401 0.536333 0.265716 0.270779
0.273310 2.10864 0.610559 0.551982 2.08409 0.56131 0.572524 2.5213 1.08754 0.52443 2.12904 0.617792 0.575526 2.05233 0.544034 0.512436 0.270779 0.275842
0.278373 2.19113 0.626692 0.564732 2.17103 0.596252 0.589659 2.52887 1.1055 0.465259 2.23452 0.672122 0.598172 2.07134 0.554025 0.509953 0.275842 0.280904
0.283435 2.27988 0.619365 0.585592 2.25672 0.621783 0.602978 2.66924 1.03118 0.58737 2.34992 0.667754 0.624789 2.08651 0.5727 0.50734 0.280904 0.285967
0.288498 2.35307 0.643638 0.587943 2.33527 0.650833 0.610028 2.65217 1.01596 0.568277 2.45238 0.70231 0.628576 2.07887 0.5993 0.476898 0.285967 0.291029
0.293560 2.43679 0.661249 0.59769 2.42012 0.670109 0.612868 2.71705 0.958009 0.723834 2.55704 0.723927 0.646665 2.10477 0.623274 0.488715 0.291029 0.296091
0.298623 2.51537 0.706021 0.591067 2.51893 0.704975 0.600727 2.45556 0.829271 0.633089 2.66277 0.770803 0.657929 2.10839 0.580479 0.476431 0.296091 0.301154
0.303685 2.60898 0.755429 0.59746 2.63618 0.745774 0.613372 2.15189 0.752797 0.527709 2.79598 0.789623 0.674672 2.09267 0.56117 0.456097 0.301154 0.306217
0.308748 2.71779 0.810877 0.608235 2.77025 0.845295 0.591672 1.83623 0.610929 0.441887 2.94284 0.874792 0.692063 2.0964 0.583443 0.44472 0.306217 0.311279
0.313810 2.85655 0.824889 0.632769 2.93475 0.906239 0.615204 1.54228 0.501796 0.429155 3.12125 0.90881 0.71567 2.12567 0.575867 0.435216 0.311279 0.316341
0.318873 3.0229 0.961919 0.650962 3.13202 0.989772 0.606209 1.18895 0.486887 0.332449 3.3324 0.995965 0.732651 2.1683 0.634994 0.429126 0.316341 0.321404
0.323935 3.2284 0.991994 0.650541 3.36898 1.05865 0.649956 0.865818 0.435096 0.235561 3.59737 1.10502 0.754152 2.2096 0.653465 0.417548 0.321404 0.326466
0.328997 3.50262 1.04585 0.702903 3.68486 1.19711 0.681215 0.440118 0.295466 0.134582 3.94758 1.16229 0.790419 2.27404 0.688468 0.399885 0.326466 0.331528
0.334060 3.89076 1.14366 0.770369 4.12184 1.35176 0.751607 0.00733998 0.00266541 0.00245968 4.42738 1.30417 0.888135 2.40905 0.718002 0.387616 0.331528 0.336591
0.339122 0 0 0 0 0 0 0 0 0 0 0 0 0 0 0 0.336591 0.341653
0.344185 0 0 0 0 0 0 0 0 0 0 0 0 0 0 0 0.341653 0.346716
0.349247 0 0 0 0 0 0 0 0 0 0 0 0 0 0 0 0.346716 0.351779
0.354310 0 0 0 0 0 0 0 0 0 0 0 0 0 0 0 0.351779 0.356841
0.359372 0 0 0 0 0 0 0 0 0 0 0 0 0 0 0 0.356841 0.361903
0.364435 0 0 0 0 0 0 0 0 0 0 0 0 0 0 0 0.361903 0.366966
0.369497 0 0 0 0 0 0 0 0 0 0 0 0 0 0 0 0.366966 0.372028
0.374560 0 0 0 0 0 0 0 0 0 0 0 0 0 0 0 0.372028 0.377091
0.379622 0 0 0 0 0 0 0 0 0 0 0 0 0 0 0 0.377091 0.382154
0.384685 0 0 0 0 0 0 0 0 0 0 0 0 0 0 0 0.382154 0.387216
0.389747 0 0 0 0 0 0 0 0 0 0 0 0 0 0 0 0.387216 0.392278
0.394810 0 0 0 0 0 0 0 0 0 0 0 0 0 0 0 0.392278 0.397341
0.399872 0 0 0 0 0 0 0 0 0 0 0 0 0 0 0 0.397341 0.402404
0.404935 0 0 0 0 0 0 0 0 0 0 0 0 0 0 0 0.402404 0.407466
0.409997 0 0 0 0 0 0 0 0 0 0 0 0 0 0 0 0.407466 0.412529
0.415060 0 0 0 0 0 0 0 0 0 0 0 0 0 0 0 0.412529 0.417591
0.420122 0 0 0 0 0 0 0 0 0 0 0 0 0 0 0 0.417591 0.422653
0.425185 0 0 0 0 0 0 0 0 0 0 0 0 0 0 0 0.422653 0.427716
0.430247 0 0 0 0 0 0 0 0 0 0 0 0 0 0 0 0.427716 0.432779
0.435310 0 0 0 0 0 0 0 0 0 0 0 0 0 0 0 0.432779 0.437841
0.440372 0 0 0 0 0 0 0 0 0 0 0 0 0 0 0 0.437841 0.442903
0.445435 0 0 0 0 0 0 0 0 0 0 0 0 0 0 0 0.442903 0.447966
0.450497 0 0 0 0 0 0 0 0 0 0 0 0 0 0 0 0.447966 0.453029
0.455560 0 0 0 0 0 0 0 0 0 0 0 0 0 0 0 0.453029 0.458091
0.460622 0 0 0 0 0 0 0 0 0 0 0 0 0 0 0 0.458091 0.463154
0.465685 0 0 0 0 0 0 0 0 0 0 0 0 0 0 0 0.463154 0.468216
0.470747 0 0 0 0 0 0 0 0 0 0 0 0 0 0 0 0.468216 0.473278
0.475810 0 0 0 0 0 0 0 0 0 0 0 0 0 0 0 0.473278 0.478341
0.480872 0 0 0 0 0 0 0 0 0 0 0 0 0 0 0 0.478341 0.483404
0.485935 0 0 0 0 0 0 0 0 0 0 0 0 0 0 0 0.483404 0.488466
0.490997 0 0 0 0 0 0 0 0 0 0 0 0 0 0 0 0.488466 0.493528
0.496060 0 0 0 0 0 0 0 0 0 0 0 0 0 0 0 0.493528 0.498591
0.501122 0 0 0 0 0 0 0 0 0 0 0 0 0 0 0 0.498591 0.503654
0.506185 0 0 0 0 0 0 0 0 0 0 0 0 0 0 0 0.503654 0.508716
0.511247 0 0 0 0 0 0 0 0 0 0 0 0 0 0 0 0.508716 0.513778
0.516310 0 0 0 0 0 0 0 0 0 0 0 0 0 0 0 0.513778 0.518841
0.521372 0 0 0 0 0 0 0 0 0 0 0 0 0 0 0 0.518841 0.523903
0.526435 0 0 0 0 0 0 0 0 0 0 0 0 0 0 0 0.523903 0.528966
0.531497 0 0 0 0 0 0 0 0 0 0 0 0 0 0 0 0.528966 0.534029
0.536560 0 0 0 0 0 0 0 0 0 0 0 0 0 0 0 0.534029 0.539091
0.541622 0 0 0 0 0 0 0 0 0 0 0 0 0 0 0 0.539091 0.544153
0.546685 0 0 0 0 0 0 0 0 0 0 0 0 0 0 0 0.544153 0.549216
0.551747 0 0 0 0 0 0 0 0 0 0 0 0 0 0 0 0.549216 0.554278
0.556810 0 0 0 0 0 0 0 0 0 0 0 0 0 0 0 0.554278 0.559341
0.561872 0 0 0 0 0 0 0 0 0 0 0 0 0 0 0 0.559341 0.564404
0.566935 0 0 0 0 0 0 0 0 0 0 0 0 0 0 0 0.564404 0.569466
0.571997 0 0 0 0 0 0 0 0 0 0 0 0 0 0 0 0.569466 0.574528
0.577060 0 0 0 0 0 0 0 0 0 0 0 0 0 0 0 0.574528 0.579592
0.582123 0 0 0 0 0 0 0 0 0 0 0 0 0 0 0 0.579592 0.584654
0.587185 0 0 0 0 0 0 0 0 0 0 0 0 0 0 0 0.584654 0.589717
0.592248 0 0 0 0 0 0 0 0 0 0 0 0 0 0 0 0.589717 0.594779
0.597310 0 0 0 0 0 0 0 0 0 0 0 0 0 0 0 0.594779 0.599841
0.602373 0 0 0 0 0 0 0 0 0 0 0 0 0 0 0 0.599841 0.604904
0.607435 0 0 0 0 0 0 0 0 0 0 0 0 0 0 0 0.604904 0.609967
0.612498 0 0 0 0 0 0 0 0 0 0 0 0 0 0 0 0.609967 0.615029
0.617560 0 0 0 0 0 0 0 0 0 0 0 0 0 0 0 0.615029 0.620092
0.622623 0 0 0 0 0 0 0 0 0 0 0 0 0 0 0 0.620092 0.625154
0.627685 0 0 0 0 0 0 0 0 0 0 0 0 0 0 0 0.625154 0.630216
0.632748 0 0 0 0 0 0 0 0 0 0 0 0 0 0 0 0.630216 0.635279
0.637810 0 0 0 0 0 0 0 0 0 0 0 0 0 0 0 0.635279 0.640342
0.642873 0 0 0 0 0 0 0 0 0 0 0 0 0 0 0 0.640342 0.645404
0.647935 0 0 0 0 0 0 0 0 0 0 0 0 0 0 0 0.645404 0.650466
0.652998 0 0 0 0 0 0 0 0 0 0 0 0 0 0 0 0.650466 0.655529
0.658060 0 0 0 0 0 0 0 0 0 0 0 0 0 0 0 0.655529 0.660591
0.663123 0 0 0 0 0 0 0 0 0 0 0 0 0 0 0 0.660591 0.665654
0.668185 0 0 0 0 0 0 0 0 0 0 0 0 0 0 0 0.665654 0.670717
0.673248 0 0 0 0 0 0 0 0 0 0 0 0 0 0 0 0.670717 0.675779
0.678310 0 0 0 0 0 0 0 0 0 0 0 0 0 0 0 0.675779 0.680841
0.684006 0 0 0 0 0 0 0 0 0 0 0 0 0 0 0 0.680841 0.687170
0.690967 0 0 0 0 0 0 0 0 0 0 0 0 0 0 0 0.687170 0.694764
0.698560 0 0 0 0 0 0 0 0 0 0 0 0 0 0 0 0.694764 0.702357
0.706154 0 0 0 0 0 0 0 0 0 0 0 0 0 0 0 0.702357 0.709951
0.713748 0 0 0 0 0 0 0 0 0 0 0 0 0 0 0 0.709951 0.717545
0.721342 0 0 0 0 0 0 0 0 0 0 0 0 0 0 0 0.717545 0.725139
0.728935 0 0 0 0 0 0 0 0 0 0 0 0 0 0 0 0.725139 0.732732
0.736529 0 0 0 0 0 0 0 0 0 0 0 0 0 0 0 0.732732 0.740326
0.744123 0 0 0 0 0 0 0 0 0 0 0 0 0 0 0 0.740326 0.747920
0.751717 0 0 0 0 0 0 0 0 0 0 0 0 0 0 0 0.747920 0.755513
0.759310 0 0 0 0 0 0 0 0 0 0 0 0 0 0 0 0.755513 0.763107
0.766904 0 0 0 0 0 0 0 0 0 0 0 0 0 0 0 0.763107 0.770701
0.774498 0 0 0 0 0 0 0 0 0 0 0 0 0 0 0 0.770701 0.778295
0.782092 0 0 0 0 0 0 0 0 0 0 0 0 0 0 0 0.778295 0.785888
0.789685 0 0 0 0 0 0 0 0 0 0 0 0 0 0 0 0.785888 0.793482
0.797279 0 0 0 0 0 0 0 0 0 0 0 0 0 0 0 0.793482 0.801076
0.804873 0 0 0 0 0 0 0 0 0 0 0 0 0 0 0 0.801076 0.808670
0.812467 0 0 0 0 0 0 0 0 0 0 0 0 0 0 0 0.808670 0.816263
0.820060 0 0 0 0 0 0 0 0 0 0 0 0 0 0 0 0.816263 0.823857
0.827654 0 0 0 0 0 0 0 0 0 0 0 0 0 0 0 0.823857 0.831451
0.835248 0 0 0 0 0 0 0 0 0 0 0 0 0 0 0 0.831451 0.839045
0.842842 0 0 0 0 0 0 0 0 0 0 0 0 0 0 0 0.839045 0.846639
0.850435 0 0 0 0 0 0 0 0 0 0 0 0 0 0 0 0.846639 0.854232
0.858029 0 0 0 0 0 0 0 0 0 0 0 0 0 0 0 0.854232 0.861826
0.865623 0 0 0 0 0 0 0 0 0 0 0 0 0 0 0 0.861826 0.869420
0.873217 0 0 0 0 0 0 0 0 0 0 0 0 0 0 0 0.869420 0.877014
0.880810 0 0 0 0 0 0 0 0 0 0 0 0 0 0 0 0.877014 0.884607
0.888404 0 0 0 0 0 0 0 0 0 0 0 0 0 0 0 0.884607 0.892201
0.895998 0 0 0 0 0 0 0 0 0 0 0 0 0 0 0 0.892201 0.899795
0.903592 0 0 0 0 0 0 0 0 0 0 0 0 0 0 0 0.899795 0.907389
0.911185 0 0 0 0 0 0 0 0 0 0 0 0 0 0 0 0.907389 0.914982
0.918779 0 0 0 0 0 0 0 0 0 0 0 0 0 0 0 0.914982 0.922576
0.926373 0 0 0 0 0 0 0 0 0 0 0 0 0 0 0 0.922576 0.930170
0.933967 0 0 0 0 0 0 0 0 0 0 0 0 0 0 0 0.930170 0.937763
0.941560 0 0 0 0 0 0 0 0 0 0 0 0 0 0 0 0.937763 0.945357
0.949154 0 0 0 0 0 0 0 0 0 0 0 0 0 0 0 0.945357 0.952951
0.956748 0 0 0 0 0 0 0 0 0 0 0 0 0 0 0 0.952951 0.960545
0.964342 0 0 0 0 0 0 0 0 0 0 0 0 0 0 0 0.960545 0.968138
0.971935 0 0 0 0 0 0 0 0 0 0 0 0 0 0 0 0.968138 0.975732
0.979529 0 0 0 0 0 0 0 0 0 0 0 0 0 0 0 0.975732 0.983326
0.987123 0 0 0 0 0 0 0 0 0 0 0 0 0 0 0 0.983326 0.990920
0.994717 0 0 0 0 0 0 0 0 0 0 0 0 0 0 0 0.990920 0.998514
1.000412 0 0 0 0 0 0 0 0 0 0 0 0 0 0 0 0.998514 1.002310
