#Observed stellar mass range: 7.8 < log10(M*/Msun) < 8
#Quenched threshold: Obs. SFR / Obs. SM < 1e-11 / yr
#SFHs in units of observed Msun/yr.
#True SFHs rescaled by average systematic offset of -0.223118 dex to be consistent with average observed stellar mass in bin.
#See documentation for explanation of true vs. observed SFRs and SMs.
#Bestfit galaxies in bin: 362717
#Bestfit SF galaxies in bin: 362704
#Bestfit Q galaxies in bin: 13
#Bestfit central galaxies in bin: 231581
#Bestfit satellite galaxies in bin: 131136
#Avg_scale_factor <SFH_all> Err+ Err- <SFH_SF> Err+ Err- <SFH_Q> Err+ Err- <SFH_Cen> Err+ Err- <SFH_Sat> Err+ Err- Scale_factor_begin Scale_factor_end
0.028936 0 4.35998e-10 0 0 2.89813e-10 0 0 0 0 0 0 0 0 1.2128e-09 0 0.000000 0.057873
0.059561 0 4.06069e-09 0 0 3.2655e-09 0 0 0 0 0 0 0 0 1.08078e-08 0 0.057873 0.061248
0.062373 0 1.87801e-08 0 0 8.23447e-09 0 0 0 0 0 0 0 0 5.05943e-08 0 0.061248 0.063498
0.064623 0 9.08676e-08 0 0 2.30528e-08 0 0 9.80065e-08 0 0 1.63164e-10 0 0 1.23295e-07 0 0.063498 0.065748
0.066873 0 4.58474e-07 0 0 2.208e-07 0 0 2.18906e-06 0 0 1.67237e-14 0 0 1.24992e-06 0 0.065748 0.067998
0.069123 2.93164e-07 1.40426e-06 2.58617e-07 2.93175e-07 7.68092e-07 2.72323e-07 0 1.75086e-05 0 0 6.81167e-07 0 8.10881e-07 3.0064e-06 7.63189e-07 0.067998 0.070248
0.071373 2.04686e-06 2.90557e-06 1.81906e-06 2.04694e-06 1.72262e-06 1.86478e-06 0 4.81889e-05 0 2.4959e-07 1.09711e-06 2.0689e-07 5.22078e-06 5.51535e-06 4.68549e-06 0.070248 0.072498
0.073623 6.30146e-06 5.38672e-06 5.52439e-06 6.30168e-06 2.41154e-06 5.70316e-06 0 0.000117951 0 8.77263e-07 1.97913e-06 7.4051e-07 1.58804e-05 1.02866e-05 1.43752e-05 0.072498 0.074748
0.075873 1.59745e-05 1.33249e-05 1.36666e-05 1.59751e-05 5.75457e-06 1.39183e-05 0 0.000299354 0 3.34676e-06 4.94622e-06 2.5897e-06 3.82746e-05 1.90227e-05 3.30295e-05 0.074748 0.076998
0.078123 3.61727e-05 2.72603e-05 2.91278e-05 3.6174e-05 1.20646e-05 2.9422e-05 0 0.000460978 0 9.39753e-06 9.78735e-06 6.87468e-06 8.34566e-05 4.44563e-05 6.85704e-05 0.076998 0.079248
0.080373 5.84197e-05 3.96148e-05 4.42682e-05 5.84218e-05 2.9962e-05 4.48183e-05 0 0.000627599 0 2.32256e-05 2.0853e-05 1.6708e-05 0.000120571 7.99943e-05 9.48278e-05 0.079248 0.081498
0.082904 9.57339e-05 5.89793e-05 6.99801e-05 9.57373e-05 4.52898e-05 7.18091e-05 0 0.000890385 -2.29481e-06 4.6147e-05 3.06858e-05 3.27211e-05 0.000183302 0.00012005 0.000140576 0.081498 0.084311
0.085998 0.000193855 0.000131286 0.000134079 0.000193013 0.000111228 0.000135285 0.0236787 -0.0220514 0.023617 0.000103241 7.11444e-05 7.05294e-05 0.000353875 0.000271832 0.000251323 0.084311 0.087685
0.089373 0.000362672 0.000251306 0.000231539 0.000362079 0.000196987 0.000238689 0.0168971 -0.0140427 0.0166698 0.000204257 0.000154835 0.00012677 0.000642426 0.000396644 0.000428894 0.087685 0.091061
0.092748 0.000613489 0.000431945 0.000369893 0.000613375 0.000371466 0.000383093 0.00379257 0.000657408 0.00344308 0.000357218 0.000277997 0.000205764 0.00106605 0.000661909 0.000660555 0.091061 0.094435
0.096123 0.000952313 0.00061249 0.000522838 0.000952251 0.000536638 0.000557169 0.00268036 0.00338661 0.00181506 0.000589039 0.000423182 0.000310719 0.00159384 0.000969835 0.000898277 0.094435 0.097811
0.099498 0.00141113 0.000867997 0.00072958 0.00141116 0.000762365 0.000772622 0.0006249 0.00744637 -0.000900849 0.000907932 0.000609047 0.000461388 0.00229975 0.0014152 0.0012064 0.097811 0.101186
0.102873 0.00192863 0.00117725 0.000934692 0.00192868 0.00106304 0.000980181 0.000421791 0.00942833 -0.00170569 0.00131222 0.000830923 0.000604262 0.00301718 0.00186038 0.00144471 0.101186 0.104560
0.106248 0.00256683 0.00150261 0.00116624 0.00256682 0.00140383 0.0012097 0.00290792 0.0081959 -0.000162475 0.00184747 0.00110435 0.000812016 0.00383719 0.00210962 0.00176004 0.104560 0.107936
0.109623 0.00321875 0.00183327 0.00135971 0.00321869 0.00165757 0.0014053 0.00473811 0.00885292 0.000662951 0.00240003 0.00139992 0.00094429 0.00466457 0.0025353 0.00197943 0.107936 0.111310
0.112998 0.0038158 0.00201642 0.00145944 0.0038157 0.00190889 0.00151953 0.00660285 0.00871098 0.00146901 0.00286121 0.00151636 0.00102523 0.00550156 0.00286809 0.00215872 0.111310 0.114686
0.116373 0.00431003 0.0020174 0.00149763 0.00430992 0.00192679 0.00158044 0.0075084 0.00924253 0.00171837 0.00324548 0.00165436 0.00110976 0.00618999 0.00287294 0.00231358 0.114686 0.118060
0.119748 0.00477324 0.00221027 0.00153937 0.00477302 0.00191809 0.00165846 0.0108871 0.0066138 0.00482782 0.00364882 0.00185426 0.0011854 0.00675891 0.0029115 0.0023403 0.118060 0.121435
0.123123 0.00527532 0.00241814 0.00163516 0.00527488 0.00226885 0.00172844 0.0174224 0.00191856 0.0102278 0.00408701 0.00196869 0.00122851 0.00737382 0.00303606 0.00231439 0.121435 0.124811
0.126498 0.00594163 0.00259615 0.00177831 0.00594079 0.00244277 0.00184138 0.0291274 -0.00751951 0.0212478 0.00464422 0.00213141 0.00132505 0.00823279 0.00331515 0.00243239 0.124811 0.128185
0.129873 0.00666246 0.00270213 0.00191583 0.00666087 0.00249445 0.00199665 0.0511119 -0.0284556 0.041955 0.00525414 0.002315 0.00142275 0.0091495 0.00344626 0.00268277 0.128185 0.131561
0.133248 0.00737703 0.00280688 0.00199738 0.00737425 0.00262511 0.00210916 0.0849403 -0.056049 0.0737405 0.00590963 0.00257303 0.00151996 0.0099684 0.00369643 0.00275703 0.131561 0.134935
0.137045 0.00809714 0.00305166 0.00210165 0.00809319 0.0027698 0.00222844 0.118413 -0.0853606 0.10622 0.00656923 0.00269237 0.00162122 0.0107954 0.00401266 0.00283513 0.134935 0.139154
0.141685 0.00921551 0.00321355 0.00241407 0.00921138 0.00294873 0.00245028 0.124382 -0.0837449 0.110444 0.00759117 0.00283023 0.00193571 0.012084 0.00416093 0.00316161 0.139154 0.144217
0.146748 0.0102935 0.00361031 0.0027384 0.0102916 0.00298074 0.00280307 0.0656848 -0.0227836 0.0506909 0.00858063 0.00290895 0.00206535 0.0133185 0.00427529 0.00344127 0.144217 0.149279
0.151810 0.011336 0.00400649 0.00282966 0.0113355 0.00332837 0.00285995 0.0245226 0.0119265 0.00945296 0.00956542 0.00349882 0.00225816 0.0144627 0.00457783 0.00363905 0.149279 0.154342
0.156873 0.0122762 0.00414736 0.00302515 0.012276 0.00392561 0.00305668 0.0171088 0.019558 0.00071591 0.0105027 0.00392668 0.00252863 0.015408 0.00464811 0.00383564 0.154342 0.159404
0.161935 0.0130922 0.00422296 0.00303725 0.0130921 0.00408242 0.00325125 0.0160413 0.0225605 -0.00107106 0.0112177 0.003914 0.00270396 0.0164025 0.00508603 0.00377508 0.159404 0.164467
0.166998 0.0138278 0.00448379 0.00320715 0.0138266 0.00417327 0.00349074 0.0465586 -0.00722217 0.0281493 0.0118612 0.00428582 0.00280527 0.0173007 0.0050922 0.00380485 0.164467 0.169529
0.172060 0.0142557 0.00436179 0.00314506 0.0142537 0.00418044 0.00352902 0.0711554 -0.0319464 0.0519419 0.0122254 0.00448447 0.00289686 0.0178413 0.00552217 0.00395057 0.169529 0.174591
0.177123 0.0147418 0.00431093 0.00319063 0.0147417 0.00405558 0.00358663 0.01878 0.0224606 -0.00152441 0.0126919 0.00466427 0.002871 0.0183619 0.00581984 0.00396895 0.174591 0.179654
0.182185 0.0152471 0.00470549 0.003269 0.0152465 0.0041551 0.00346039 0.033242 0.0114161 0.0121211 0.0131289 0.00444854 0.00277931 0.0189877 0.00582492 0.00427714 0.179654 0.184716
0.187248 0.0156573 0.00460239 0.00330084 0.0156561 0.00437661 0.00330717 0.0489728 0.00443019 0.0270838 0.0135192 0.00429337 0.00277682 0.019433 0.0060159 0.00435254 0.184716 0.189779
0.192310 0.016114 0.00485995 0.00330059 0.016112 0.004437 0.00335788 0.0719767 -0.0187419 0.049256 0.0139747 0.00410542 0.00279663 0.0198919 0.00630632 0.00449059 0.189779 0.194842
0.197373 0.016471 0.00490447 0.00337423 0.0164661 0.00454333 0.00341222 0.154176 -0.0940359 0.13069 0.0142918 0.00411123 0.00287517 0.0203193 0.00587824 0.00448998 0.194842 0.199904
0.202435 0.0167645 0.0047108 0.00335139 0.0167608 0.00448065 0.00349214 0.119465 -0.055362 0.0954379 0.0145793 0.00436584 0.00278302 0.0206233 0.00566485 0.00454221 0.199904 0.204967
0.207498 0.0171198 0.00507771 0.00329527 0.0171179 0.00421438 0.00351269 0.0712903 -0.0165969 0.0472909 0.0149311 0.00442035 0.0028289 0.0209849 0.00556787 0.00477924 0.204967 0.210029
0.212560 0.0174746 0.00454426 0.00353346 0.0174733 0.00451298 0.00372717 0.052401 0 0.0287198 0.0152588 0.00439574 0.0028214 0.0213875 0.00572037 0.00482721 0.210029 0.215091
0.217623 0.0178034 0.0044914 0.00365303 0.0178021 0.00422197 0.00377582 0.0543289 -0.00262005 0.0313798 0.0156107 0.00450628 0.00287074 0.0216756 0.00547243 0.00482615 0.215091 0.220154
0.222685 0.018129 0.00460965 0.00381042 0.0181277 0.00445309 0.00394818 0.0532519 -0.00505639 0.0296504 0.0159226 0.00465887 0.00299139 0.0220252 0.00541379 0.00483885 0.220154 0.225217
0.227748 0.0184906 0.00501408 0.00397349 0.0184882 0.00440591 0.00398966 0.0851186 -0.0358458 0.0610519 0.0163491 0.00482895 0.00317496 0.0222722 0.00543784 0.00507674 0.225217 0.230279
0.232810 0.018817 0.00493052 0.00405643 0.0188157 0.00431623 0.00412808 0.0569991 -0.00674833 0.0329562 0.016695 0.00484961 0.00335591 0.0225645 0.00514562 0.00514103 0.230279 0.235342
0.237873 0.0190905 0.0048143 0.00418576 0.01909 0.00421389 0.0042664 0.0352785 0.0154148 0.0121014 0.0169729 0.00489763 0.00332283 0.0228302 0.00509904 0.0051935 0.235342 0.240404
0.242935 0.0193014 0.00460209 0.00418986 0.0193007 0.00423737 0.00442297 0.0373452 0.0116743 0.014294 0.0172003 0.00491142 0.00350947 0.0230117 0.00527043 0.00524677 0.240404 0.245467
0.247998 0.0197233 0.00442094 0.00429085 0.0197225 0.0042615 0.0045177 0.0421126 0.0073463 0.0193825 0.0176495 0.00473024 0.00369446 0.0233855 0.00568917 0.00544049 0.245467 0.250529
0.253060 0.0198567 0.004473 0.00431042 0.0198558 0.00447261 0.00457384 0.0461115 0.0026106 0.0231125 0.0178426 0.00475164 0.00371684 0.0234136 0.00572148 0.00542287 0.250529 0.255592
0.258123 0.0201862 0.0048619 0.00444116 0.0201847 0.00481433 0.00465874 0.0604265 -0.00898931 0.0366603 0.0181895 0.00480483 0.00379644 0.0237121 0.00599224 0.00566696 0.255592 0.260654
0.263185 0.0203341 0.00512678 0.00435244 0.0203319 0.00500655 0.00471858 0.0821571 -0.0280589 0.0577686 0.0184126 0.00489472 0.00398622 0.0237275 0.00581078 0.0056685 0.260654 0.265716
0.268248 0.0204207 0.00526161 0.00441329 0.0204188 0.00494113 0.00467385 0.0737619 -0.0240296 0.0496631 0.0185675 0.0051381 0.00396255 0.0236935 0.00629239 0.0059451 0.265716 0.270779
0.273310 0.0206899 0.0055259 0.0047813 0.0206888 0.0053173 0.00484861 0.0523756 -0.00289862 0.0283249 0.0189091 0.00523424 0.00389318 0.0238347 0.0061904 0.00599708 0.270779 0.275842
0.278373 0.0209463 0.00581174 0.00489887 0.020945 0.0056291 0.00491069 0.056994 -0.00978208 0.0333045 0.0192183 0.00540377 0.00402411 0.0239979 0.00589548 0.00619977 0.275842 0.280904
0.283435 0.0214959 0.00575747 0.00494094 0.0214953 0.00574396 0.00520701 0.0377244 0.0127676 0.0130355 0.0197807 0.00559939 0.00420349 0.0245248 0.00617915 0.00633172 0.280904 0.285967
0.288498 0.0216296 0.00575296 0.00493056 0.0216284 0.00564578 0.00518973 0.0559013 -0.00462674 0.0316265 0.0199769 0.00564608 0.00416771 0.0245482 0.00625855 0.00628605 0.285967 0.291029
0.293560 0.0219146 0.00608629 0.00497828 0.0219141 0.0060221 0.00519923 0.0344383 0.0128403 0.0114815 0.0203485 0.00580392 0.00423187 0.0246802 0.00636504 0.00622961 0.291029 0.296091
0.298623 0.0221404 0.00659057 0.00499197 0.0221399 0.00630567 0.00513459 0.0346696 0.0118786 0.0119667 0.0206182 0.00585596 0.00437287 0.0248286 0.00642409 0.00650788 0.296091 0.301154
0.303685 0.0223703 0.00676216 0.00518855 0.0223696 0.00662246 0.00520794 0.0406185 0.00904913 0.0169967 0.0209389 0.00610895 0.00450467 0.0248981 0.00648688 0.00677293 0.301154 0.306217
0.308748 0.022585 0.00680435 0.00533843 0.0225843 0.00669001 0.00539571 0.0429008 0.0099944 0.0195478 0.021271 0.00617025 0.00476531 0.0249055 0.00655758 0.00640554 0.306217 0.311279
0.313810 0.0228226 0.00667486 0.00533471 0.0228219 0.00664891 0.00558617 0.0421094 0.00845933 0.0185879 0.0215746 0.0062753 0.00497056 0.0250266 0.00665939 0.00648805 0.311279 0.316341
0.318873 0.0230556 0.00656027 0.00553536 0.023055 0.00651638 0.0057884 0.0403493 0.00600357 0.0183491 0.0218971 0.00641177 0.00505744 0.0251015 0.00653412 0.00666233 0.316341 0.321404
0.323935 0.0233041 0.00640365 0.00578955 0.0233037 0.00636596 0.00592281 0.0356801 0.0116274 0.0130047 0.0222232 0.00648019 0.00524786 0.0252129 0.00640699 0.0068659 0.321404 0.326466
0.328997 0.0234734 0.00622743 0.00597542 0.0234733 0.00618645 0.00615553 0.0267427 0.0195499 0.00400172 0.0224946 0.00641035 0.00551808 0.0252021 0.00656947 0.00681397 0.326466 0.331528
0.334060 0.0236911 0.00616246 0.0061894 0.023691 0.0061625 0.00626462 0.0255352 0.0222671 0.00269269 0.0227985 0.00614786 0.00575609 0.0252674 0.00647544 0.00679874 0.331528 0.336591
0.339122 0.0238724 0.00621947 0.00634373 0.0238725 0.00621344 0.0064642 0.0213228 0.0269259 -0.000462269 0.0230461 0.00609105 0.005886 0.0253316 0.00642861 0.00691665 0.336591 0.341653
0.344185 0.0242006 0.00612555 0.00642768 0.0242008 0.00611156 0.00669814 0.0205915 0.0244746 -0.00084761 0.0234944 0.00627613 0.00610491 0.0254478 0.00667071 0.00692008 0.341653 0.346716
0.349247 0.0245103 0.0062221 0.00665284 0.0245097 0.00620947 0.00672909 0.0407514 0.00388595 0.0199053 0.0238782 0.00606111 0.00627135 0.0256267 0.00668176 0.00708892 0.346716 0.351779
0.354310 0.0250723 0.00659734 0.0069336 0.0250718 0.00659777 0.0070337 0.0369623 0.00725618 0.0166572 0.0245807 0.00617968 0.00668446 0.0259404 0.00679678 0.00730462 0.351779 0.356841
0.359372 0.0252628 0.00668709 0.00693393 0.0252629 0.00663112 0.00701544 0.0222227 0.0193096 0.00250865 0.0249146 0.00654712 0.0068248 0.0258776 0.00688965 0.00714624 0.356841 0.361903
0.364435 0.0255164 0.00666297 0.00690016 0.0255157 0.00663262 0.00698878 0.0432896 0 0.0235594 0.0252927 0.00674305 0.0068576 0.0259114 0.00706889 0.00694804 0.361903 0.366966
0.369497 0.0258582 0.00683508 0.00693923 0.0258578 0.00682654 0.00706381 0.0377307 0.00363334 0.0182471 0.0257591 0.00677206 0.00703343 0.0260332 0.00715047 0.00697273 0.366966 0.372028
0.374560 0.0260468 0.00709665 0.00694461 0.0260467 0.00708861 0.00696987 0.0280411 0.0113579 0.00941703 0.0260679 0.00681543 0.00701879 0.0260095 0.00739301 0.00697753 0.372028 0.377091
0.379622 0.026349 0.00737983 0.00696113 0.026349 0.00737802 0.00701176 0.0266942 0.0129184 0.0075491 0.0265055 0.00723465 0.00721037 0.0260726 0.0074151 0.00705487 0.377091 0.382154
0.384685 0.0266293 0.00757481 0.0069704 0.0266292 0.00756721 0.00705197 0.0300035 0.010961 0.0113189 0.0268959 0.00737526 0.00736072 0.0261587 0.00739853 0.007008 0.382154 0.387216
0.389747 0.0269147 0.00783312 0.00712272 0.0269145 0.00782587 0.00709307 0.033785 0.00514333 0.0155743 0.0272911 0.00756378 0.00744211 0.0262502 0.00754455 0.00706487 0.387216 0.392278
0.394810 0.0272569 0.00803094 0.00733529 0.0272565 0.00802445 0.00718634 0.0386629 0.00251953 0.0201634 0.0277452 0.00785351 0.00753433 0.0263945 0.00826399 0.00727989 0.392278 0.397341
0.399872 0.0277233 0.00832586 0.00750711 0.027723 0.00832012 0.00740456 0.0364232 0.00514543 0.0186041 0.0283668 0.00809222 0.00783285 0.026587 0.00889008 0.00728487 0.397341 0.402404
0.404935 0.0280438 0.00857702 0.00767226 0.0280433 0.00857571 0.00746521 0.0404898 8.01646e-05 0.023078 0.0288136 0.00841168 0.00796681 0.0266844 0.00907514 0.00752337 0.402404 0.407466
0.409997 0.0284191 0.00889334 0.00781253 0.0284185 0.00886838 0.00772397 0.0455167 -0.00388878 0.0285878 0.0293004 0.00865018 0.00816309 0.0268628 0.00942504 0.00774556 0.407466 0.412529
0.415060 0.0287842 0.00918299 0.00795953 0.0287837 0.00918402 0.00778214 0.0430134 -0.00254245 0.0262772 0.0298173 0.00863117 0.00854531 0.0269599 0.0096473 0.00778667 0.412529 0.417591
0.420122 0.0290799 0.00943786 0.00808951 0.0290799 0.0094428 0.00776064 0.0275282 0.0104397 0.0116199 0.0302569 0.0090657 0.00867395 0.0270013 0.00948724 0.00801786 0.417591 0.422653
0.425185 0.029547 0.00950403 0.00821552 0.0295473 0.00968706 0.00808669 0.0224557 0.0143208 0.00720618 0.0308967 0.0095675 0.00898218 0.0271637 0.00946802 0.00808711 0.422653 0.427716
0.430247 0.0299701 0.009847 0.00839907 0.0299705 0.00984639 0.00839963 0.0186415 0.0163744 0.00383825 0.0314805 0.00994302 0.00929223 0.0273027 0.00971558 0.00807059 0.427716 0.432779
0.435310 0.0301963 0.0101316 0.00851973 0.0301968 0.0101312 0.00852237 0.0188891 0.016179 0.00459104 0.0318169 0.0100819 0.00929145 0.0273345 0.00993943 0.00811589 0.432779 0.437841
0.440372 0.0305949 0.0104981 0.00877177 0.0305953 0.0104975 0.00864401 0.0190696 0.0157737 0.005084 0.0323864 0.0104825 0.00937083 0.0274311 0.0102092 0.00817059 0.437841 0.442903
0.445435 0.0309273 0.0108094 0.00884668 0.0309276 0.0108088 0.00868417 0.0202634 0.0139065 0.00722537 0.0328304 0.010807 0.00961692 0.0275664 0.010475 0.00824348 0.442903 0.447966
0.450497 0.0313091 0.0111488 0.00897574 0.0313095 0.0111483 0.00876771 0.0190356 0.0155549 0.00689874 0.0333535 0.0111725 0.00986129 0.0276987 0.0107385 0.00833814 0.447966 0.453029
0.455560 0.0316569 0.0114424 0.00897629 0.0316573 0.0114418 0.00895733 0.0222796 0.0093735 0.011092 0.0338137 0.0114868 0.00997355 0.0278481 0.0109721 0.0085202 0.453029 0.458091
0.460622 0.0320689 0.0117264 0.00910379 0.0320695 0.0117775 0.00895593 0.0174101 0.0118479 0.00743229 0.0343605 0.0118644 0.0101552 0.028022 0.011202 0.00874933 0.458091 0.463154
0.465685 0.0324264 0.0119359 0.0092591 0.0324268 0.0121089 0.00905088 0.0193272 0.0106629 0.0104181 0.0348821 0.0122117 0.0103288 0.0280897 0.0114156 0.00886015 0.463154 0.468216
0.470747 0.032877 0.0122116 0.00946252 0.0328776 0.0123331 0.00915801 0.018085 0.0101968 0.0100935 0.0354676 0.0123991 0.0105052 0.0283023 0.0115932 0.00899601 0.468216 0.473278
0.475810 0.0333681 0.0124374 0.00967497 0.0333688 0.0128129 0.00931342 0.0134837 0.0110198 0.0064583 0.0361241 0.0130486 0.0107244 0.0285011 0.0116912 0.00911611 0.473278 0.478341
0.480872 0.0338736 0.0127396 0.0100148 0.0338743 0.0131991 0.00945319 0.0148479 0.00622497 0.00906295 0.0368331 0.013509 0.0109523 0.0286473 0.0116723 0.00920543 0.478341 0.483404
0.485935 0.034408 0.0129785 0.0104422 0.0344088 0.0139448 0.00961273 0.0112812 0.00849645 0.00666382 0.0375567 0.0137945 0.0111678 0.0288474 0.0120322 0.0092479 0.483404 0.488466
0.490997 0.0351101 0.0132615 0.0109054 0.0351109 0.0144248 0.00990042 0.0124154 0.00459331 0.00891119 0.0384823 0.013688 0.0116374 0.0291548 0.0121833 0.00933218 0.488466 0.493528
0.496060 0.0358594 0.0135944 0.0113778 0.0358607 0.0147007 0.0102133 0.00143784 0.00801821 -0.000391255 0.0395281 0.0138926 0.0122307 0.0293807 0.0123161 0.00942566 0.493528 0.498591
0.501122 0.0367424 0.0140249 0.0117539 0.0367437 0.0151708 0.0104595 0.000389165 -6.16721e-05 0.000249036 0.0406671 0.0147931 0.0128388 0.0298115 0.0125909 0.00959665 0.498591 0.503654
0.506185 0 0 0 0 0 0 0 0 0 0 0 0 0 0 0 0.503654 0.508716
0.511247 0 0 0 0 0 0 0 0 0 0 0 0 0 0 0 0.508716 0.513778
0.516310 0 0 0 0 0 0 0 0 0 0 0 0 0 0 0 0.513778 0.518841
0.521372 0 0 0 0 0 0 0 0 0 0 0 0 0 0 0 0.518841 0.523903
0.526435 0 0 0 0 0 0 0 0 0 0 0 0 0 0 0 0.523903 0.528966
0.531497 0 0 0 0 0 0 0 0 0 0 0 0 0 0 0 0.528966 0.534029
0.536560 0 0 0 0 0 0 0 0 0 0 0 0 0 0 0 0.534029 0.539091
0.541622 0 0 0 0 0 0 0 0 0 0 0 0 0 0 0 0.539091 0.544153
0.546685 0 0 0 0 0 0 0 0 0 0 0 0 0 0 0 0.544153 0.549216
0.551747 0 0 0 0 0 0 0 0 0 0 0 0 0 0 0 0.549216 0.554278
0.556810 0 0 0 0 0 0 0 0 0 0 0 0 0 0 0 0.554278 0.559341
0.561872 0 0 0 0 0 0 0 0 0 0 0 0 0 0 0 0.559341 0.564404
0.566935 0 0 0 0 0 0 0 0 0 0 0 0 0 0 0 0.564404 0.569466
0.571997 0 0 0 0 0 0 0 0 0 0 0 0 0 0 0 0.569466 0.574528
0.577060 0 0 0 0 0 0 0 0 0 0 0 0 0 0 0 0.574528 0.579592
0.582123 0 0 0 0 0 0 0 0 0 0 0 0 0 0 0 0.579592 0.584654
0.587185 0 0 0 0 0 0 0 0 0 0 0 0 0 0 0 0.584654 0.589717
0.592248 0 0 0 0 0 0 0 0 0 0 0 0 0 0 0 0.589717 0.594779
0.597310 0 0 0 0 0 0 0 0 0 0 0 0 0 0 0 0.594779 0.599841
0.602373 0 0 0 0 0 0 0 0 0 0 0 0 0 0 0 0.599841 0.604904
0.607435 0 0 0 0 0 0 0 0 0 0 0 0 0 0 0 0.604904 0.609967
0.612498 0 0 0 0 0 0 0 0 0 0 0 0 0 0 0 0.609967 0.615029
0.617560 0 0 0 0 0 0 0 0 0 0 0 0 0 0 0 0.615029 0.620092
0.622623 0 0 0 0 0 0 0 0 0 0 0 0 0 0 0 0.620092 0.625154
0.627685 0 0 0 0 0 0 0 0 0 0 0 0 0 0 0 0.625154 0.630216
0.632748 0 0 0 0 0 0 0 0 0 0 0 0 0 0 0 0.630216 0.635279
0.637810 0 0 0 0 0 0 0 0 0 0 0 0 0 0 0 0.635279 0.640342
0.642873 0 0 0 0 0 0 0 0 0 0 0 0 0 0 0 0.640342 0.645404
0.647935 0 0 0 0 0 0 0 0 0 0 0 0 0 0 0 0.645404 0.650466
0.652998 0 0 0 0 0 0 0 0 0 0 0 0 0 0 0 0.650466 0.655529
0.658060 0 0 0 0 0 0 0 0 0 0 0 0 0 0 0 0.655529 0.660591
0.663123 0 0 0 0 0 0 0 0 0 0 0 0 0 0 0 0.660591 0.665654
0.668185 0 0 0 0 0 0 0 0 0 0 0 0 0 0 0 0.665654 0.670717
0.673248 0 0 0 0 0 0 0 0 0 0 0 0 0 0 0 0.670717 0.675779
0.678310 0 0 0 0 0 0 0 0 0 0 0 0 0 0 0 0.675779 0.680841
0.684006 0 0 0 0 0 0 0 0 0 0 0 0 0 0 0 0.680841 0.687170
0.690967 0 0 0 0 0 0 0 0 0 0 0 0 0 0 0 0.687170 0.694764
0.698560 0 0 0 0 0 0 0 0 0 0 0 0 0 0 0 0.694764 0.702357
0.706154 0 0 0 0 0 0 0 0 0 0 0 0 0 0 0 0.702357 0.709951
0.713748 0 0 0 0 0 0 0 0 0 0 0 0 0 0 0 0.709951 0.717545
0.721342 0 0 0 0 0 0 0 0 0 0 0 0 0 0 0 0.717545 0.725139
0.728935 0 0 0 0 0 0 0 0 0 0 0 0 0 0 0 0.725139 0.732732
0.736529 0 0 0 0 0 0 0 0 0 0 0 0 0 0 0 0.732732 0.740326
0.744123 0 0 0 0 0 0 0 0 0 0 0 0 0 0 0 0.740326 0.747920
0.751717 0 0 0 0 0 0 0 0 0 0 0 0 0 0 0 0.747920 0.755513
0.759310 0 0 0 0 0 0 0 0 0 0 0 0 0 0 0 0.755513 0.763107
0.766904 0 0 0 0 0 0 0 0 0 0 0 0 0 0 0 0.763107 0.770701
0.774498 0 0 0 0 0 0 0 0 0 0 0 0 0 0 0 0.770701 0.778295
0.782092 0 0 0 0 0 0 0 0 0 0 0 0 0 0 0 0.778295 0.785888
0.789685 0 0 0 0 0 0 0 0 0 0 0 0 0 0 0 0.785888 0.793482
0.797279 0 0 0 0 0 0 0 0 0 0 0 0 0 0 0 0.793482 0.801076
0.804873 0 0 0 0 0 0 0 0 0 0 0 0 0 0 0 0.801076 0.808670
0.812467 0 0 0 0 0 0 0 0 0 0 0 0 0 0 0 0.808670 0.816263
0.820060 0 0 0 0 0 0 0 0 0 0 0 0 0 0 0 0.816263 0.823857
0.827654 0 0 0 0 0 0 0 0 0 0 0 0 0 0 0 0.823857 0.831451
0.835248 0 0 0 0 0 0 0 0 0 0 0 0 0 0 0 0.831451 0.839045
0.842842 0 0 0 0 0 0 0 0 0 0 0 0 0 0 0 0.839045 0.846639
0.850435 0 0 0 0 0 0 0 0 0 0 0 0 0 0 0 0.846639 0.854232
0.858029 0 0 0 0 0 0 0 0 0 0 0 0 0 0 0 0.854232 0.861826
0.865623 0 0 0 0 0 0 0 0 0 0 0 0 0 0 0 0.861826 0.869420
0.873217 0 0 0 0 0 0 0 0 0 0 0 0 0 0 0 0.869420 0.877014
0.880810 0 0 0 0 0 0 0 0 0 0 0 0 0 0 0 0.877014 0.884607
0.888404 0 0 0 0 0 0 0 0 0 0 0 0 0 0 0 0.884607 0.892201
0.895998 0 0 0 0 0 0 0 0 0 0 0 0 0 0 0 0.892201 0.899795
0.903592 0 0 0 0 0 0 0 0 0 0 0 0 0 0 0 0.899795 0.907389
0.911185 0 0 0 0 0 0 0 0 0 0 0 0 0 0 0 0.907389 0.914982
0.918779 0 0 0 0 0 0 0 0 0 0 0 0 0 0 0 0.914982 0.922576
0.926373 0 0 0 0 0 0 0 0 0 0 0 0 0 0 0 0.922576 0.930170
0.933967 0 0 0 0 0 0 0 0 0 0 0 0 0 0 0 0.930170 0.937763
0.941560 0 0 0 0 0 0 0 0 0 0 0 0 0 0 0 0.937763 0.945357
0.949154 0 0 0 0 0 0 0 0 0 0 0 0 0 0 0 0.945357 0.952951
0.956748 0 0 0 0 0 0 0 0 0 0 0 0 0 0 0 0.952951 0.960545
0.964342 0 0 0 0 0 0 0 0 0 0 0 0 0 0 0 0.960545 0.968138
0.971935 0 0 0 0 0 0 0 0 0 0 0 0 0 0 0 0.968138 0.975732
0.979529 0 0 0 0 0 0 0 0 0 0 0 0 0 0 0 0.975732 0.983326
0.987123 0 0 0 0 0 0 0 0 0 0 0 0 0 0 0 0.983326 0.990920
0.994717 0 0 0 0 0 0 0 0 0 0 0 0 0 0 0 0.990920 0.998514
1.000412 0 0 0 0 0 0 0 0 0 0 0 0 0 0 0 0.998514 1.002310
