#Observed stellar mass range: 12 < log10(M*/Msun) < 12.2
#Quenched threshold: Obs. SFR / Obs. SM < 1e-11 / yr
#SFHs in units of observed Msun/yr.
#True SFHs rescaled by average systematic offset of -0.244144 dex to be consistent with average observed stellar mass in bin.
#See documentation for explanation of true vs. observed SFRs and SMs.
#Bestfit galaxies in bin: 0
#Bestfit SF galaxies in bin: 0
#Bestfit Q galaxies in bin: 0
#Bestfit central galaxies in bin: 0
#Bestfit satellite galaxies in bin: 0
#Avg_scale_factor <SFH_all> Err+ Err- <SFH_SF> Err+ Err- <SFH_Q> Err+ Err- <SFH_Cen> Err+ Err- <SFH_Sat> Err+ Err- Scale_factor_begin Scale_factor_end
0.028936 0 0 0 0 0 0 0 0 0 0 0 0 0 0 0 0.000000 0.057873
0.059561 0 0 0 0 0 0 0 0 0 0 0 0 0 0 0 0.057873 0.061248
0.062373 0 0 0 0 0 0 0 0 0 0 0 0 0 0 0 0.061248 0.063498
0.064623 0 0 0 0 0 0 0 0 0 0 0 0 0 0 0 0.063498 0.065748
0.066873 0 0 0 0 0 0 0 0 0 0 0 0 0 0 0 0.065748 0.067998
0.069123 0 0.0126729 0 0 0 0 0 0.00298413 0 0 0.00997983 0 0 0 0 0.067998 0.070248
0.071373 0 0.0331678 0 0 0 0 0 0.000266387 0 0 0.0494204 0 0 0 0 0.070248 0.072498
0.073623 0 0.0947887 0 0 0 0 0 0.0108156 0 0 0.1332 0 0 0 0 0.072498 0.074748
0.075873 0 0.240596 0 0 0 0 0 0.0249238 0 0 0.296371 0 0 0 0 0.074748 0.076998
0.078123 0 0.386191 0 0 0 0 0 0.102059 0 0 0.386351 0 0 0 0 0.076998 0.079248
0.080373 0 0.642736 0 0 0 0 0 0.495063 0 0 0.429814 0 0 0 0 0.079248 0.081498
0.082904 0 0.684027 0 0 0 0 0 0.439677 0 0 0.546314 0 0 0 0 0.081498 0.084311
0.085998 0 1.45006 0 0 0 0 0 1.11323 0 0 0.887598 0 0 0 0 0.084311 0.087685
0.089373 0 1.81043 0 0 0 0 0 1.2474 0 0 1.7454 0 0 0 0 0.087685 0.091061
0.092748 0 2.8953 0 0 0 0 0 2.48107 0 0 1.85501 0 0 0 0 0.091061 0.094435
0.096123 0 3.83369 0 0 0 0 0 2.36121 0 0 1.80222 0 0 0 0 0.094435 0.097811
0.099498 0 2.95636 0 0 0 0 0 2.08437 0 0 1.2266 0 0 0 0 0.097811 0.101186
0.102873 0 3.71551 0 0 0 0 0 2.55111 0 0 2.87507 0 0 0 0 0.101186 0.104560
0.106248 0 2.71632 0 0 0 0 0 2.09474 0 0 2.11939 0 0 0 0 0.104560 0.107936
0.109623 0 6.1044 0 0 0 0 0 4.32907 0 0 1.88644 0 0 0 0 0.107936 0.111310
0.112998 0 7.11581 0 0 0 0 0 3.73084 0 0 8.22293 0 0 0 0 0.111310 0.114686
0.116373 0 8.99338 0 0 0 0 0 4.44683 0 0 10.6228 0 0 0 0 0.114686 0.118060
0.119748 0 16.6011 0 0 0 0 0 6.54503 0 0 16.6011 0 0 0 0 0.118060 0.121435
0.123123 0 27.2016 0 0 0 0 0 7.01093 0 0 28.9259 0 0 0 0 0.121435 0.124811
0.126498 0 37.1691 0 0 0 0 0 4.99853 0 0 37.7315 0 0 0 0 0.124811 0.128185
0.129873 0 31.3958 0 0 0 0 0 4.63611 0 0 39.4196 0 0 0 0 0.128185 0.131561
0.133248 0 37.8001 0 0 0 0 0 3.75528 0 0 43.0659 0 0 0 0 0.131561 0.134935
0.137045 0 43.659 0 0 0 0 0 6.00977 0 0 51.9198 0 0 0 0 0.134935 0.139154
0.141685 0 60.0426 0 0 0 0 0 5.36592 0 0 64.026 0 0 0 0 0.139154 0.144217
0.146748 0 51.0722 0 0 0 0 0 4.32003 0 0 53.198 0 0 0 0 0.144217 0.149279
0.151810 0 64.0692 0 0 0 0 0 10.3979 0 0 83.7238 0 0 0 0 0.149279 0.154342
0.156873 0 53.5508 0 0 0 0 0 15.0195 0 0 81.7168 0 0 0 0 0.154342 0.159404
0.161935 0 102.616 0 0 0 0 0 11.3755 0 0 108.352 0 0 0 0 0.159404 0.164467
0.166998 0 142.765 0 0 0 0 0 17.1562 0 0 196.021 0 0 0 0 0.164467 0.169529
0.172060 0 191.868 0 0 0 0 0 23.7446 0 0 237.621 0 0 0 0 0.169529 0.174591
0.177123 0 244.788 0 0 0 0 0 73.2055 0 0 279.081 0 0 0 0 0.174591 0.179654
0.182185 0 395.662 0 0 0 0 0 74.7408 0 0 448.403 0 0 0 0 0.179654 0.184716
0.187248 0 431.306 0 0 0 0 0 130.156 0 0 437.129 0 0 0 0 0.184716 0.189779
0.192310 0 400.15 0 0 0 0 0 133.408 0 0 424.153 0 0 0 0 0.189779 0.194842
0.197373 0 441.356 0 0 0 0 0 264.862 0 0 441.356 0 0 0 0 0.194842 0.199904
0.202435 0 359.122 0 0 0 0 0 364.058 0 0 226.657 0 0 0 0 0.199904 0.204967
0.207498 0 384.414 0 0 0 0 0 428.548 0 0 277.991 0 0 0 0 0.204967 0.210029
0.212560 0 378.352 0 0 0 0 0 363.453 0 0 286.219 0 0 0 0 0.210029 0.215091
0.217623 0 374.402 0 0 0 0 0 436.955 0 0 270.352 0 0 0 0 0.215091 0.220154
0.222685 0 362.434 0 0 0 0 0 330.221 0 0 231.713 0 0 0 0 0.220154 0.225217
0.227748 0 380.373 0 0 0 0 0 380.373 0 0 209.284 0 0 0 0 0.225217 0.230279
0.232810 0 430.44 0 0 0 0 0 417.365 0 0 198.417 0 0 0 0 0.230279 0.235342
0.237873 0 394.138 0 0 0 0 0 371.657 0 0 239.869 0 0 0 0 0.235342 0.240404
0.242935 0 298.887 0 0 0 0 0 322.583 0 0 224.876 0 0 0 0 0.240404 0.245467
0.247998 0 298.619 0 0 0 0 0 275.393 0 0 226.558 0 0 0 0 0.245467 0.250529
0.253060 0 133.73 0 0 0 0 0 3.21603 0 0 3.21603 0 0 0 0 0.250529 0.255592
0.258123 0 94.7509 0 0 0 0 0 3.38861 0 0 101.365 0 0 0 0 0.255592 0.260654
0.263185 0 125.015 0 0 0 0 0 9.12047 0 0 90.3346 0 0 0 0 0.260654 0.265716
0.268248 0 106.609 0 0 0 0 0 73.1137 0 0 76.251 0 0 0 0 0.265716 0.270779
0.273310 0 66.5406 0 0 0 0 0 1.91023 0 0 97.7268 0 0 0 0 0.270779 0.275842
0.278373 0 77.0214 0 0 0 0 0 2.04512 0 0 107.164 0 0 0 0 0.275842 0.280904
0.283435 0 68.5325 0 0 0 0 0 6.42147 0 0 68.5325 0 0 0 0 0.280904 0.285967
0.288498 0 74.5374 0 0 0 0 0 5.45269 0 0 69.3888 0 0 0 0 0.285967 0.291029
0.293560 0 52.789 0 0 0 0 0 2.44061 0 0 56.691 0 0 0 0 0.291029 0.296091
0.298623 0 61.017 0 0 0 0 0 3.0795 0 0 61.017 0 0 0 0 0.296091 0.301154
0.303685 0 51.0669 0 0 0 0 0 1.98924 0 0 65.8883 0 0 0 0 0.301154 0.306217
0.308748 0 61.738 0 0 0 0 0 0.849808 0 0 80.2764 0 0 0 0 0.306217 0.311279
0.313810 0 25.0472 0 0 0 0 0 0.748371 0 0 28.3498 0 0 0 0 0.311279 0.316341
0.318873 0 12.6317 0 0 0 0 0 0.639635 0 0 12.6317 0 0 0 0 0.316341 0.321404
0.323935 0 1.67717 0 0 0 0 0 0.621819 0 0 1.81427 0 0 0 0 0.321404 0.326466
0.328997 0 2.01087 0 0 0 0 0 0.324447 0 0 2.28145 0 0 0 0 0.326466 0.331528
0.334060 0 2.23454 0 0 0 0 0 0.360231 0 0 2.53514 0 0 0 0 0.331528 0.336591
0.339122 0 0 0 0 0 0 0 0 0 0 0 0 0 0 0 0.336591 0.341653
0.344185 0 0 0 0 0 0 0 0 0 0 0 0 0 0 0 0.341653 0.346716
0.349247 0 0 0 0 0 0 0 0 0 0 0 0 0 0 0 0.346716 0.351779
0.354310 0 0 0 0 0 0 0 0 0 0 0 0 0 0 0 0.351779 0.356841
0.359372 0 0 0 0 0 0 0 0 0 0 0 0 0 0 0 0.356841 0.361903
0.364435 0 0 0 0 0 0 0 0 0 0 0 0 0 0 0 0.361903 0.366966
0.369497 0 0 0 0 0 0 0 0 0 0 0 0 0 0 0 0.366966 0.372028
0.374560 0 0 0 0 0 0 0 0 0 0 0 0 0 0 0 0.372028 0.377091
0.379622 0 0 0 0 0 0 0 0 0 0 0 0 0 0 0 0.377091 0.382154
0.384685 0 0 0 0 0 0 0 0 0 0 0 0 0 0 0 0.382154 0.387216
0.389747 0 0 0 0 0 0 0 0 0 0 0 0 0 0 0 0.387216 0.392278
0.394810 0 0 0 0 0 0 0 0 0 0 0 0 0 0 0 0.392278 0.397341
0.399872 0 0 0 0 0 0 0 0 0 0 0 0 0 0 0 0.397341 0.402404
0.404935 0 0 0 0 0 0 0 0 0 0 0 0 0 0 0 0.402404 0.407466
0.409997 0 0 0 0 0 0 0 0 0 0 0 0 0 0 0 0.407466 0.412529
0.415060 0 0 0 0 0 0 0 0 0 0 0 0 0 0 0 0.412529 0.417591
0.420122 0 0 0 0 0 0 0 0 0 0 0 0 0 0 0 0.417591 0.422653
0.425185 0 0 0 0 0 0 0 0 0 0 0 0 0 0 0 0.422653 0.427716
0.430247 0 0 0 0 0 0 0 0 0 0 0 0 0 0 0 0.427716 0.432779
0.435310 0 0 0 0 0 0 0 0 0 0 0 0 0 0 0 0.432779 0.437841
0.440372 0 0 0 0 0 0 0 0 0 0 0 0 0 0 0 0.437841 0.442903
0.445435 0 0 0 0 0 0 0 0 0 0 0 0 0 0 0 0.442903 0.447966
0.450497 0 0 0 0 0 0 0 0 0 0 0 0 0 0 0 0.447966 0.453029
0.455560 0 0 0 0 0 0 0 0 0 0 0 0 0 0 0 0.453029 0.458091
0.460622 0 0 0 0 0 0 0 0 0 0 0 0 0 0 0 0.458091 0.463154
0.465685 0 0 0 0 0 0 0 0 0 0 0 0 0 0 0 0.463154 0.468216
0.470747 0 0 0 0 0 0 0 0 0 0 0 0 0 0 0 0.468216 0.473278
0.475810 0 0 0 0 0 0 0 0 0 0 0 0 0 0 0 0.473278 0.478341
0.480872 0 0 0 0 0 0 0 0 0 0 0 0 0 0 0 0.478341 0.483404
0.485935 0 0 0 0 0 0 0 0 0 0 0 0 0 0 0 0.483404 0.488466
0.490997 0 0 0 0 0 0 0 0 0 0 0 0 0 0 0 0.488466 0.493528
0.496060 0 0 0 0 0 0 0 0 0 0 0 0 0 0 0 0.493528 0.498591
0.501122 0 0 0 0 0 0 0 0 0 0 0 0 0 0 0 0.498591 0.503654
0.506185 0 0 0 0 0 0 0 0 0 0 0 0 0 0 0 0.503654 0.508716
0.511247 0 0 0 0 0 0 0 0 0 0 0 0 0 0 0 0.508716 0.513778
0.516310 0 0 0 0 0 0 0 0 0 0 0 0 0 0 0 0.513778 0.518841
0.521372 0 0 0 0 0 0 0 0 0 0 0 0 0 0 0 0.518841 0.523903
0.526435 0 0 0 0 0 0 0 0 0 0 0 0 0 0 0 0.523903 0.528966
0.531497 0 0 0 0 0 0 0 0 0 0 0 0 0 0 0 0.528966 0.534029
0.536560 0 0 0 0 0 0 0 0 0 0 0 0 0 0 0 0.534029 0.539091
0.541622 0 0 0 0 0 0 0 0 0 0 0 0 0 0 0 0.539091 0.544153
0.546685 0 0 0 0 0 0 0 0 0 0 0 0 0 0 0 0.544153 0.549216
0.551747 0 0 0 0 0 0 0 0 0 0 0 0 0 0 0 0.549216 0.554278
0.556810 0 0 0 0 0 0 0 0 0 0 0 0 0 0 0 0.554278 0.559341
0.561872 0 0 0 0 0 0 0 0 0 0 0 0 0 0 0 0.559341 0.564404
0.566935 0 0 0 0 0 0 0 0 0 0 0 0 0 0 0 0.564404 0.569466
0.571997 0 0 0 0 0 0 0 0 0 0 0 0 0 0 0 0.569466 0.574528
0.577060 0 0 0 0 0 0 0 0 0 0 0 0 0 0 0 0.574528 0.579592
0.582123 0 0 0 0 0 0 0 0 0 0 0 0 0 0 0 0.579592 0.584654
0.587185 0 0 0 0 0 0 0 0 0 0 0 0 0 0 0 0.584654 0.589717
0.592248 0 0 0 0 0 0 0 0 0 0 0 0 0 0 0 0.589717 0.594779
0.597310 0 0 0 0 0 0 0 0 0 0 0 0 0 0 0 0.594779 0.599841
0.602373 0 0 0 0 0 0 0 0 0 0 0 0 0 0 0 0.599841 0.604904
0.607435 0 0 0 0 0 0 0 0 0 0 0 0 0 0 0 0.604904 0.609967
0.612498 0 0 0 0 0 0 0 0 0 0 0 0 0 0 0 0.609967 0.615029
0.617560 0 0 0 0 0 0 0 0 0 0 0 0 0 0 0 0.615029 0.620092
0.622623 0 0 0 0 0 0 0 0 0 0 0 0 0 0 0 0.620092 0.625154
0.627685 0 0 0 0 0 0 0 0 0 0 0 0 0 0 0 0.625154 0.630216
0.632748 0 0 0 0 0 0 0 0 0 0 0 0 0 0 0 0.630216 0.635279
0.637810 0 0 0 0 0 0 0 0 0 0 0 0 0 0 0 0.635279 0.640342
0.642873 0 0 0 0 0 0 0 0 0 0 0 0 0 0 0 0.640342 0.645404
0.647935 0 0 0 0 0 0 0 0 0 0 0 0 0 0 0 0.645404 0.650466
0.652998 0 0 0 0 0 0 0 0 0 0 0 0 0 0 0 0.650466 0.655529
0.658060 0 0 0 0 0 0 0 0 0 0 0 0 0 0 0 0.655529 0.660591
0.663123 0 0 0 0 0 0 0 0 0 0 0 0 0 0 0 0.660591 0.665654
0.668185 0 0 0 0 0 0 0 0 0 0 0 0 0 0 0 0.665654 0.670717
0.673248 0 0 0 0 0 0 0 0 0 0 0 0 0 0 0 0.670717 0.675779
0.678310 0 0 0 0 0 0 0 0 0 0 0 0 0 0 0 0.675779 0.680841
0.684006 0 0 0 0 0 0 0 0 0 0 0 0 0 0 0 0.680841 0.687170
0.690967 0 0 0 0 0 0 0 0 0 0 0 0 0 0 0 0.687170 0.694764
0.698560 0 0 0 0 0 0 0 0 0 0 0 0 0 0 0 0.694764 0.702357
0.706154 0 0 0 0 0 0 0 0 0 0 0 0 0 0 0 0.702357 0.709951
0.713748 0 0 0 0 0 0 0 0 0 0 0 0 0 0 0 0.709951 0.717545
0.721342 0 0 0 0 0 0 0 0 0 0 0 0 0 0 0 0.717545 0.725139
0.728935 0 0 0 0 0 0 0 0 0 0 0 0 0 0 0 0.725139 0.732732
0.736529 0 0 0 0 0 0 0 0 0 0 0 0 0 0 0 0.732732 0.740326
0.744123 0 0 0 0 0 0 0 0 0 0 0 0 0 0 0 0.740326 0.747920
0.751717 0 0 0 0 0 0 0 0 0 0 0 0 0 0 0 0.747920 0.755513
0.759310 0 0 0 0 0 0 0 0 0 0 0 0 0 0 0 0.755513 0.763107
0.766904 0 0 0 0 0 0 0 0 0 0 0 0 0 0 0 0.763107 0.770701
0.774498 0 0 0 0 0 0 0 0 0 0 0 0 0 0 0 0.770701 0.778295
0.782092 0 0 0 0 0 0 0 0 0 0 0 0 0 0 0 0.778295 0.785888
0.789685 0 0 0 0 0 0 0 0 0 0 0 0 0 0 0 0.785888 0.793482
0.797279 0 0 0 0 0 0 0 0 0 0 0 0 0 0 0 0.793482 0.801076
0.804873 0 0 0 0 0 0 0 0 0 0 0 0 0 0 0 0.801076 0.808670
0.812467 0 0 0 0 0 0 0 0 0 0 0 0 0 0 0 0.808670 0.816263
0.820060 0 0 0 0 0 0 0 0 0 0 0 0 0 0 0 0.816263 0.823857
0.827654 0 0 0 0 0 0 0 0 0 0 0 0 0 0 0 0.823857 0.831451
0.835248 0 0 0 0 0 0 0 0 0 0 0 0 0 0 0 0.831451 0.839045
0.842842 0 0 0 0 0 0 0 0 0 0 0 0 0 0 0 0.839045 0.846639
0.850435 0 0 0 0 0 0 0 0 0 0 0 0 0 0 0 0.846639 0.854232
0.858029 0 0 0 0 0 0 0 0 0 0 0 0 0 0 0 0.854232 0.861826
0.865623 0 0 0 0 0 0 0 0 0 0 0 0 0 0 0 0.861826 0.869420
0.873217 0 0 0 0 0 0 0 0 0 0 0 0 0 0 0 0.869420 0.877014
0.880810 0 0 0 0 0 0 0 0 0 0 0 0 0 0 0 0.877014 0.884607
0.888404 0 0 0 0 0 0 0 0 0 0 0 0 0 0 0 0.884607 0.892201
0.895998 0 0 0 0 0 0 0 0 0 0 0 0 0 0 0 0.892201 0.899795
0.903592 0 0 0 0 0 0 0 0 0 0 0 0 0 0 0 0.899795 0.907389
0.911185 0 0 0 0 0 0 0 0 0 0 0 0 0 0 0 0.907389 0.914982
0.918779 0 0 0 0 0 0 0 0 0 0 0 0 0 0 0 0.914982 0.922576
0.926373 0 0 0 0 0 0 0 0 0 0 0 0 0 0 0 0.922576 0.930170
0.933967 0 0 0 0 0 0 0 0 0 0 0 0 0 0 0 0.930170 0.937763
0.941560 0 0 0 0 0 0 0 0 0 0 0 0 0 0 0 0.937763 0.945357
0.949154 0 0 0 0 0 0 0 0 0 0 0 0 0 0 0 0.945357 0.952951
0.956748 0 0 0 0 0 0 0 0 0 0 0 0 0 0 0 0.952951 0.960545
0.964342 0 0 0 0 0 0 0 0 0 0 0 0 0 0 0 0.960545 0.968138
0.971935 0 0 0 0 0 0 0 0 0 0 0 0 0 0 0 0.968138 0.975732
0.979529 0 0 0 0 0 0 0 0 0 0 0 0 0 0 0 0.975732 0.983326
0.987123 0 0 0 0 0 0 0 0 0 0 0 0 0 0 0 0.983326 0.990920
0.994717 0 0 0 0 0 0 0 0 0 0 0 0 0 0 0 0.990920 0.998514
1.000412 0 0 0 0 0 0 0 0 0 0 0 0 0 0 0 0.998514 1.002310
