#Observed stellar mass range: 9.8 < log10(M*/Msun) < 10
#Quenched threshold: Obs. SFR / Obs. SM < 1e-11 / yr
#SFHs in units of observed Msun/yr.
#True SFHs rescaled by average systematic offset of -0.244144 dex to be consistent with average observed stellar mass in bin.
#See documentation for explanation of true vs. observed SFRs and SMs.
#Bestfit galaxies in bin: 22434
#Bestfit SF galaxies in bin: 19977
#Bestfit Q galaxies in bin: 2457
#Bestfit central galaxies in bin: 17253
#Bestfit satellite galaxies in bin: 5181
#Avg_scale_factor <SFH_all> Err+ Err- <SFH_SF> Err+ Err- <SFH_Q> Err+ Err- <SFH_Cen> Err+ Err- <SFH_Sat> Err+ Err- Scale_factor_begin Scale_factor_end
0.028936 0.000179908 -8.87909e-05 0.000179905 3.08447e-05 -3.83277e-06 3.08447e-05 0.00139189 -0.000785148 0.00139189 0.000198218 -0.000121916 0.000198218 0.000118932 4.11682e-05 0.000118932 0.000000 0.057873
0.059561 0.00236857 0.00157256 0.00230988 0.000803591 0.00135345 0.000771696 0.0150928 0.0027832 0.0148604 0.00239574 0.00158722 0.00233458 0.00227807 0.00105719 0.00223122 0.057873 0.061248
0.062373 0.0051246 0.00218379 0.00492011 0.00279075 0.00194169 0.00266624 0.0241003 0.00461001 0.0232648 0.00453735 0.00242315 0.00435187 0.00708016 0.00394988 0.00681557 0.061248 0.063498
0.064623 0.0107662 0.00270339 0.0101701 0.00535124 0.00369506 0.0049606 0.0547932 -0.00617421 0.0523787 0.010329 0.00172019 0.00980673 0.0122221 0.00629787 0.0114233 0.063498 0.065748
0.066873 0.015387 0.00693412 0.0134862 0.0101159 0.00679577 0.0087627 0.0582446 0.00681694 0.0536297 0.0139703 0.00719947 0.0122668 0.0201045 0.00901245 0.0183321 0.065748 0.067998
0.069123 0.0234687 0.00657701 0.0201732 0.0156793 0.00834225 0.0134702 0.0868013 0.00184075 0.0781462 0.0199909 0.00629177 0.0168082 0.0350498 0.00940343 0.0311618 0.067998 0.070248
0.071373 0.0326875 0.013055 0.0272993 0.0238497 0.0105423 0.0198092 0.104544 0.0232839 0.0899476 0.0263466 0.0133905 0.0213 0.0538028 0.0139894 0.045883 0.070248 0.072498
0.073623 0.0429121 0.0202483 0.0320804 0.0302835 0.0167728 0.0227703 0.145591 0.0240323 0.11972 0.0389396 0.0167429 0.0293536 0.0561408 0.0237885 0.0429314 0.072498 0.074748
0.075873 0.0573987 0.0245422 0.0420705 0.0402113 0.0206023 0.0293126 0.197143 0.0384747 0.156313 0.0507802 0.0217106 0.0371403 0.0794384 0.0354439 0.0597546 0.074748 0.076998
0.078123 0.0814791 0.0280513 0.0582908 0.0545871 0.029307 0.0369164 0.300128 0.0234995 0.232964 0.0743917 0.0211936 0.0532372 0.10508 0.0468323 0.0742996 0.076998 0.079248
0.080373 0.0950935 0.0347851 0.0624374 0.0652119 0.0381971 0.0417599 0.33805 0.00961876 0.24936 0.0880064 0.0306851 0.0573713 0.118694 0.0570769 0.0799004 0.079248 0.081498
0.082904 0.0881823 0.040282 0.0518097 0.0679102 0.0395754 0.0422813 0.253007 0.0873446 0.159254 0.0806809 0.0357192 0.0471226 0.113162 0.0599056 0.0675256 0.081498 0.084311
0.085998 0.123958 0.0513258 0.0690894 0.0953591 0.0541933 0.0538011 0.356486 0.11193 0.217226 0.116615 0.0479197 0.0637136 0.148411 0.0690328 0.0840236 0.084311 0.087685
0.089373 0.15755 0.0642879 0.0810378 0.122558 0.0586817 0.0646169 0.442062 0.157575 0.256857 0.148868 0.0588737 0.0755667 0.186465 0.0839014 0.0946715 0.087685 0.091061
0.092748 0.200263 0.0696131 0.0944351 0.158448 0.0646409 0.0784698 0.540246 0.129287 0.291814 0.188637 0.0671803 0.0899873 0.238978 0.105017 0.112197 0.091061 0.094435
0.096123 0.23334 0.0864641 0.102644 0.185125 0.077368 0.0854277 0.625353 0.146318 0.31295 0.219414 0.0793401 0.0983277 0.279714 0.106251 0.115136 0.094435 0.097811
0.099498 0.265416 0.0991346 0.105091 0.210055 0.0789166 0.0869002 0.715533 0.173247 0.339766 0.248833 0.0895566 0.10165 0.320638 0.129027 0.118038 0.097811 0.101186
0.102873 0.311236 0.0988164 0.119571 0.245352 0.0832735 0.093216 0.846918 0.197772 0.385391 0.293771 0.0886591 0.115359 0.369395 0.155226 0.126269 0.101186 0.104560
0.106248 0.358252 0.106845 0.124916 0.283416 0.089762 0.0998393 0.966721 0.259264 0.408474 0.338113 0.0967728 0.11968 0.425314 0.15615 0.140351 0.104560 0.107936
0.109623 0.407773 0.12291 0.127359 0.32487 0.106576 0.100994 1.08183 0.260703 0.450245 0.381976 0.106972 0.119812 0.493678 0.170404 0.150972 0.107936 0.111310
0.112998 0.45357 0.123146 0.134868 0.360715 0.104318 0.105397 1.20854 0.300043 0.482301 0.419959 0.108718 0.122146 0.565496 0.177157 0.172346 0.111310 0.114686
0.116373 0.518784 0.136203 0.150002 0.407056 0.104444 0.116182 1.4272 0.348728 0.569392 0.468352 0.123369 0.132351 0.686724 0.175338 0.211846 0.114686 0.118060
0.119748 0.591873 0.140943 0.177877 0.467764 0.107545 0.132872 1.60096 0.36215 0.617875 0.524796 0.126998 0.150529 0.815242 0.204621 0.259928 0.118060 0.121435
0.123123 0.662672 0.150728 0.200289 0.521352 0.122499 0.147389 1.81169 0.35634 0.733333 0.587614 0.12579 0.173426 0.912618 0.238496 0.285317 0.121435 0.124811
0.126498 0.720931 0.173942 0.209116 0.569779 0.133424 0.157249 1.94989 0.438472 0.746979 0.636204 0.143775 0.176334 1.00308 0.285332 0.303865 0.124811 0.128185
0.129873 0.787824 0.198044 0.223689 0.629338 0.139936 0.171602 2.07642 0.500168 0.739878 0.69704 0.170499 0.18947 1.09014 0.305623 0.319539 0.128185 0.131561
0.133248 0.859437 0.215744 0.233944 0.686678 0.15753 0.180812 2.26407 0.56979 0.810477 0.76219 0.177776 0.200132 1.18327 0.320304 0.335827 0.131561 0.134935
0.137045 0.926164 0.222516 0.246473 0.741547 0.166814 0.192174 2.42722 0.653023 0.865824 0.818418 0.180546 0.211946 1.28496 0.334763 0.366959 0.134935 0.139154
0.141685 1.03389 0.244417 0.270037 0.827223 0.184731 0.212506 2.71426 0.684699 0.983857 0.909135 0.221799 0.220909 1.44935 0.333519 0.415114 0.139154 0.144217
0.146748 1.16424 0.243396 0.316425 0.926317 0.203558 0.232717 3.09869 0.671828 1.18392 1.01941 0.22776 0.257119 1.64652 0.345114 0.482463 0.144217 0.149279
0.151810 1.30432 0.258349 0.351826 1.04125 0.213051 0.264778 3.44321 0.783827 1.28067 1.13281 0.244328 0.282586 1.87543 0.397254 0.539562 0.149279 0.154342
0.156873 1.45317 0.301975 0.401212 1.16937 0.234298 0.301211 3.76065 0.893445 1.34654 1.25795 0.270541 0.319993 2.10326 0.468993 0.612689 0.154342 0.159404
0.161935 1.59534 0.330343 0.43155 1.29819 0.255998 0.332419 4.01136 0.918654 1.44975 1.38615 0.318496 0.361968 2.29195 0.541994 0.659217 0.159404 0.164467
0.166998 1.74246 0.366458 0.475094 1.42378 0.293712 0.366573 4.33361 0.98084 1.57561 1.51877 0.347063 0.401469 2.48736 0.609086 0.727965 0.164467 0.169529
0.172060 1.90482 0.385769 0.542647 1.55909 0.312931 0.412973 4.71577 1.02138 1.71596 1.64749 0.388136 0.431981 2.76173 0.645758 0.85208 0.169529 0.174591
0.177123 2.08173 0.431519 0.592744 1.71623 0.339003 0.468773 5.05346 1.2133 1.78261 1.80603 0.423169 0.491722 2.99982 0.716513 0.928753 0.174591 0.179654
0.182185 2.22395 0.4833 0.624037 1.83706 0.366595 0.507895 5.36966 1.39689 1.92616 1.94133 0.459081 0.526471 3.1651 0.844261 0.934192 0.179654 0.184716
0.187248 2.40228 0.525435 0.693342 1.99255 0.41067 0.568237 5.73362 1.4486 2.10193 2.0981 0.48256 0.575566 3.41522 0.843345 1.01956 0.184716 0.189779
0.192310 2.54682 0.606942 0.709882 2.12428 0.445968 0.617325 5.98233 1.55821 2.17208 2.2342 0.523018 0.610807 3.58787 0.89704 1.07828 0.189779 0.194842
0.197373 2.68257 0.644806 0.755654 2.24994 0.456557 0.65049 6.20012 1.38021 2.2156 2.36232 0.56921 0.645851 3.74904 0.92765 1.11072 0.194842 0.199904
0.202435 2.83173 0.678291 0.813219 2.38803 0.489752 0.683596 6.43929 1.30601 2.32305 2.50031 0.584423 0.681626 3.93539 1.05071 1.21807 0.199904 0.204967
0.207498 2.99869 0.745227 0.855829 2.54146 0.528311 0.738296 6.71633 1.34568 2.44565 2.64777 0.622745 0.723458 4.1673 1.05611 1.28491 0.204967 0.210029
0.212560 3.15085 0.850567 0.902824 2.70434 0.569386 0.812641 6.78128 1.47265 2.43158 2.78251 0.690231 0.769762 4.37743 1.0983 1.38632 0.210029 0.215091
0.217623 3.29921 0.928519 0.958513 2.86729 0.617689 0.858323 6.81098 1.58447 2.36712 2.94268 0.802707 0.821649 4.48645 1.26772 1.39369 0.215091 0.220154
0.222685 3.47159 0.977622 0.993782 3.04614 0.740033 0.94051 6.93078 1.53065 2.27068 3.12464 0.922288 0.883432 4.62693 1.27976 1.39426 0.220154 0.225217
0.227748 3.66518 1.02037 1.08677 3.22512 0.785627 1.00144 7.24317 1.75397 2.43586 3.32313 0.93335 0.946997 4.80424 1.28792 1.49567 0.225217 0.230279
0.232810 3.82432 1.05455 1.1111 3.39631 0.832558 1.02103 7.30435 1.84164 2.37414 3.48587 1.0053 0.95929 4.95137 1.27133 1.5033 0.230279 0.235342
0.237873 3.9907 1.10553 1.14582 3.57749 0.907092 1.05198 7.35031 2.01818 2.23595 3.68249 1.03387 1.01204 5.01703 1.29582 1.46184 0.235342 0.240404
0.242935 4.15156 1.1781 1.17133 3.76812 0.951444 1.07167 7.26918 2.38595 2.13358 3.86874 1.10055 1.07318 5.09338 1.31914 1.39682 0.240404 0.245467
0.247998 4.32304 1.26038 1.19995 3.9509 0.96469 1.1005 7.3488 2.47625 1.97779 4.07941 1.18815 1.13882 5.13433 1.25996 1.38065 0.245467 0.250529
0.253060 4.54467 1.31664 1.24038 4.17736 1.01333 1.1604 7.5312 2.39898 2.04974 4.33208 1.24515 1.19252 5.25262 1.35701 1.37082 0.250529 0.255592
0.258123 4.72149 1.37694 1.28672 4.38819 1.03321 1.20747 7.43145 2.68547 1.97034 4.56262 1.32487 1.25158 5.25053 1.33195 1.33609 0.255592 0.260654
0.263185 4.92975 1.44044 1.32208 4.61408 1.11462 1.25114 7.49637 2.67227 1.8609 4.81045 1.42755 1.32504 5.32704 1.35162 1.30557 0.260654 0.265716
0.268248 5.15685 1.46537 1.3652 4.86347 1.18596 1.32644 7.54227 2.72302 1.94928 5.10195 1.49026 1.394 5.33967 1.42467 1.26501 0.265716 0.270779
0.273310 5.39155 1.54279 1.36179 5.10355 1.26314 1.34688 7.73314 2.67269 1.9648 5.39782 1.59199 1.44592 5.37065 1.37829 1.18972 0.270779 0.275842
0.278373 5.64323 1.53101 1.42261 5.35006 1.36579 1.41715 8.02683 2.74083 2.06657 5.70787 1.59727 1.48846 5.42795 1.47406 1.18537 0.275842 0.280904
0.283435 5.92089 1.51579 1.44921 5.62278 1.49619 1.40957 8.34467 2.70969 2.32645 6.04015 1.62224 1.57272 5.52373 1.54231 1.1812 0.280904 0.285967
0.288498 6.14757 1.54264 1.42454 5.90614 1.54064 1.40451 8.11053 3.03527 2.08545 6.33402 1.67 1.5465 5.52664 1.65414 1.13603 0.285967 0.291029
0.293560 6.38452 1.65819 1.411 6.20191 1.62729 1.39461 7.86926 2.87161 2.02086 6.62085 1.70069 1.53455 5.59753 1.53903 1.18709 0.291029 0.296091
0.298623 6.64626 1.78743 1.43694 6.59264 1.7607 1.47378 7.08222 2.62582 1.75468 6.95173 1.80423 1.5281 5.62903 1.48652 1.08675 0.296091 0.301154
0.303685 6.92677 1.9459 1.45615 7.04884 1.87902 1.46474 5.93428 2.40109 1.20238 7.31957 1.9692 1.62976 5.61872 1.48179 1.02469 0.301154 0.306217
0.308748 7.31817 2.07053 1.51139 7.60413 2.14463 1.53041 4.99306 2.2581 1.04529 7.82011 2.21144 1.66968 5.64666 1.57904 1.03242 0.306217 0.311279
0.313810 7.79332 2.28467 1.57654 8.27098 2.3847 1.60631 3.90958 1.82086 0.753302 8.40635 2.42272 1.77848 5.75187 1.54727 1.01979 0.311279 0.316341
0.318873 8.40318 2.40721 1.74443 9.0765 2.6165 1.78851 2.92869 1.54651 0.533283 9.13972 2.66058 1.90907 5.95046 1.6006 1.05484 0.316341 0.321404
0.323935 9.09261 2.51157 1.89627 9.93809 2.94522 1.90106 2.21838 1.15171 0.543872 9.9695 2.87532 2.07624 6.17252 1.52156 1.13011 0.321404 0.326466
0.328997 9.90559 2.75174 2.08468 10.9855 3.36489 2.12402 1.1251 0.775477 0.307042 10.9747 2.95689 2.29935 6.34554 1.56842 1.17625 0.326466 0.331528
0.334060 10.8469 3.10711 2.25501 12.1786 3.76117 2.34365 0.0194849 0.0067292 0.00662767 12.1398 3.3028 2.56611 6.54168 1.74993 1.26296 0.331528 0.336591
0.339122 0 0 0 0 0 0 0 0 0 0 0 0 0 0 0 0.336591 0.341653
0.344185 0 0 0 0 0 0 0 0 0 0 0 0 0 0 0 0.341653 0.346716
0.349247 0 0 0 0 0 0 0 0 0 0 0 0 0 0 0 0.346716 0.351779
0.354310 0 0 0 0 0 0 0 0 0 0 0 0 0 0 0 0.351779 0.356841
0.359372 0 0 0 0 0 0 0 0 0 0 0 0 0 0 0 0.356841 0.361903
0.364435 0 0 0 0 0 0 0 0 0 0 0 0 0 0 0 0.361903 0.366966
0.369497 0 0 0 0 0 0 0 0 0 0 0 0 0 0 0 0.366966 0.372028
0.374560 0 0 0 0 0 0 0 0 0 0 0 0 0 0 0 0.372028 0.377091
0.379622 0 0 0 0 0 0 0 0 0 0 0 0 0 0 0 0.377091 0.382154
0.384685 0 0 0 0 0 0 0 0 0 0 0 0 0 0 0 0.382154 0.387216
0.389747 0 0 0 0 0 0 0 0 0 0 0 0 0 0 0 0.387216 0.392278
0.394810 0 0 0 0 0 0 0 0 0 0 0 0 0 0 0 0.392278 0.397341
0.399872 0 0 0 0 0 0 0 0 0 0 0 0 0 0 0 0.397341 0.402404
0.404935 0 0 0 0 0 0 0 0 0 0 0 0 0 0 0 0.402404 0.407466
0.409997 0 0 0 0 0 0 0 0 0 0 0 0 0 0 0 0.407466 0.412529
0.415060 0 0 0 0 0 0 0 0 0 0 0 0 0 0 0 0.412529 0.417591
0.420122 0 0 0 0 0 0 0 0 0 0 0 0 0 0 0 0.417591 0.422653
0.425185 0 0 0 0 0 0 0 0 0 0 0 0 0 0 0 0.422653 0.427716
0.430247 0 0 0 0 0 0 0 0 0 0 0 0 0 0 0 0.427716 0.432779
0.435310 0 0 0 0 0 0 0 0 0 0 0 0 0 0 0 0.432779 0.437841
0.440372 0 0 0 0 0 0 0 0 0 0 0 0 0 0 0 0.437841 0.442903
0.445435 0 0 0 0 0 0 0 0 0 0 0 0 0 0 0 0.442903 0.447966
0.450497 0 0 0 0 0 0 0 0 0 0 0 0 0 0 0 0.447966 0.453029
0.455560 0 0 0 0 0 0 0 0 0 0 0 0 0 0 0 0.453029 0.458091
0.460622 0 0 0 0 0 0 0 0 0 0 0 0 0 0 0 0.458091 0.463154
0.465685 0 0 0 0 0 0 0 0 0 0 0 0 0 0 0 0.463154 0.468216
0.470747 0 0 0 0 0 0 0 0 0 0 0 0 0 0 0 0.468216 0.473278
0.475810 0 0 0 0 0 0 0 0 0 0 0 0 0 0 0 0.473278 0.478341
0.480872 0 0 0 0 0 0 0 0 0 0 0 0 0 0 0 0.478341 0.483404
0.485935 0 0 0 0 0 0 0 0 0 0 0 0 0 0 0 0.483404 0.488466
0.490997 0 0 0 0 0 0 0 0 0 0 0 0 0 0 0 0.488466 0.493528
0.496060 0 0 0 0 0 0 0 0 0 0 0 0 0 0 0 0.493528 0.498591
0.501122 0 0 0 0 0 0 0 0 0 0 0 0 0 0 0 0.498591 0.503654
0.506185 0 0 0 0 0 0 0 0 0 0 0 0 0 0 0 0.503654 0.508716
0.511247 0 0 0 0 0 0 0 0 0 0 0 0 0 0 0 0.508716 0.513778
0.516310 0 0 0 0 0 0 0 0 0 0 0 0 0 0 0 0.513778 0.518841
0.521372 0 0 0 0 0 0 0 0 0 0 0 0 0 0 0 0.518841 0.523903
0.526435 0 0 0 0 0 0 0 0 0 0 0 0 0 0 0 0.523903 0.528966
0.531497 0 0 0 0 0 0 0 0 0 0 0 0 0 0 0 0.528966 0.534029
0.536560 0 0 0 0 0 0 0 0 0 0 0 0 0 0 0 0.534029 0.539091
0.541622 0 0 0 0 0 0 0 0 0 0 0 0 0 0 0 0.539091 0.544153
0.546685 0 0 0 0 0 0 0 0 0 0 0 0 0 0 0 0.544153 0.549216
0.551747 0 0 0 0 0 0 0 0 0 0 0 0 0 0 0 0.549216 0.554278
0.556810 0 0 0 0 0 0 0 0 0 0 0 0 0 0 0 0.554278 0.559341
0.561872 0 0 0 0 0 0 0 0 0 0 0 0 0 0 0 0.559341 0.564404
0.566935 0 0 0 0 0 0 0 0 0 0 0 0 0 0 0 0.564404 0.569466
0.571997 0 0 0 0 0 0 0 0 0 0 0 0 0 0 0 0.569466 0.574528
0.577060 0 0 0 0 0 0 0 0 0 0 0 0 0 0 0 0.574528 0.579592
0.582123 0 0 0 0 0 0 0 0 0 0 0 0 0 0 0 0.579592 0.584654
0.587185 0 0 0 0 0 0 0 0 0 0 0 0 0 0 0 0.584654 0.589717
0.592248 0 0 0 0 0 0 0 0 0 0 0 0 0 0 0 0.589717 0.594779
0.597310 0 0 0 0 0 0 0 0 0 0 0 0 0 0 0 0.594779 0.599841
0.602373 0 0 0 0 0 0 0 0 0 0 0 0 0 0 0 0.599841 0.604904
0.607435 0 0 0 0 0 0 0 0 0 0 0 0 0 0 0 0.604904 0.609967
0.612498 0 0 0 0 0 0 0 0 0 0 0 0 0 0 0 0.609967 0.615029
0.617560 0 0 0 0 0 0 0 0 0 0 0 0 0 0 0 0.615029 0.620092
0.622623 0 0 0 0 0 0 0 0 0 0 0 0 0 0 0 0.620092 0.625154
0.627685 0 0 0 0 0 0 0 0 0 0 0 0 0 0 0 0.625154 0.630216
0.632748 0 0 0 0 0 0 0 0 0 0 0 0 0 0 0 0.630216 0.635279
0.637810 0 0 0 0 0 0 0 0 0 0 0 0 0 0 0 0.635279 0.640342
0.642873 0 0 0 0 0 0 0 0 0 0 0 0 0 0 0 0.640342 0.645404
0.647935 0 0 0 0 0 0 0 0 0 0 0 0 0 0 0 0.645404 0.650466
0.652998 0 0 0 0 0 0 0 0 0 0 0 0 0 0 0 0.650466 0.655529
0.658060 0 0 0 0 0 0 0 0 0 0 0 0 0 0 0 0.655529 0.660591
0.663123 0 0 0 0 0 0 0 0 0 0 0 0 0 0 0 0.660591 0.665654
0.668185 0 0 0 0 0 0 0 0 0 0 0 0 0 0 0 0.665654 0.670717
0.673248 0 0 0 0 0 0 0 0 0 0 0 0 0 0 0 0.670717 0.675779
0.678310 0 0 0 0 0 0 0 0 0 0 0 0 0 0 0 0.675779 0.680841
0.684006 0 0 0 0 0 0 0 0 0 0 0 0 0 0 0 0.680841 0.687170
0.690967 0 0 0 0 0 0 0 0 0 0 0 0 0 0 0 0.687170 0.694764
0.698560 0 0 0 0 0 0 0 0 0 0 0 0 0 0 0 0.694764 0.702357
0.706154 0 0 0 0 0 0 0 0 0 0 0 0 0 0 0 0.702357 0.709951
0.713748 0 0 0 0 0 0 0 0 0 0 0 0 0 0 0 0.709951 0.717545
0.721342 0 0 0 0 0 0 0 0 0 0 0 0 0 0 0 0.717545 0.725139
0.728935 0 0 0 0 0 0 0 0 0 0 0 0 0 0 0 0.725139 0.732732
0.736529 0 0 0 0 0 0 0 0 0 0 0 0 0 0 0 0.732732 0.740326
0.744123 0 0 0 0 0 0 0 0 0 0 0 0 0 0 0 0.740326 0.747920
0.751717 0 0 0 0 0 0 0 0 0 0 0 0 0 0 0 0.747920 0.755513
0.759310 0 0 0 0 0 0 0 0 0 0 0 0 0 0 0 0.755513 0.763107
0.766904 0 0 0 0 0 0 0 0 0 0 0 0 0 0 0 0.763107 0.770701
0.774498 0 0 0 0 0 0 0 0 0 0 0 0 0 0 0 0.770701 0.778295
0.782092 0 0 0 0 0 0 0 0 0 0 0 0 0 0 0 0.778295 0.785888
0.789685 0 0 0 0 0 0 0 0 0 0 0 0 0 0 0 0.785888 0.793482
0.797279 0 0 0 0 0 0 0 0 0 0 0 0 0 0 0 0.793482 0.801076
0.804873 0 0 0 0 0 0 0 0 0 0 0 0 0 0 0 0.801076 0.808670
0.812467 0 0 0 0 0 0 0 0 0 0 0 0 0 0 0 0.808670 0.816263
0.820060 0 0 0 0 0 0 0 0 0 0 0 0 0 0 0 0.816263 0.823857
0.827654 0 0 0 0 0 0 0 0 0 0 0 0 0 0 0 0.823857 0.831451
0.835248 0 0 0 0 0 0 0 0 0 0 0 0 0 0 0 0.831451 0.839045
0.842842 0 0 0 0 0 0 0 0 0 0 0 0 0 0 0 0.839045 0.846639
0.850435 0 0 0 0 0 0 0 0 0 0 0 0 0 0 0 0.846639 0.854232
0.858029 0 0 0 0 0 0 0 0 0 0 0 0 0 0 0 0.854232 0.861826
0.865623 0 0 0 0 0 0 0 0 0 0 0 0 0 0 0 0.861826 0.869420
0.873217 0 0 0 0 0 0 0 0 0 0 0 0 0 0 0 0.869420 0.877014
0.880810 0 0 0 0 0 0 0 0 0 0 0 0 0 0 0 0.877014 0.884607
0.888404 0 0 0 0 0 0 0 0 0 0 0 0 0 0 0 0.884607 0.892201
0.895998 0 0 0 0 0 0 0 0 0 0 0 0 0 0 0 0.892201 0.899795
0.903592 0 0 0 0 0 0 0 0 0 0 0 0 0 0 0 0.899795 0.907389
0.911185 0 0 0 0 0 0 0 0 0 0 0 0 0 0 0 0.907389 0.914982
0.918779 0 0 0 0 0 0 0 0 0 0 0 0 0 0 0 0.914982 0.922576
0.926373 0 0 0 0 0 0 0 0 0 0 0 0 0 0 0 0.922576 0.930170
0.933967 0 0 0 0 0 0 0 0 0 0 0 0 0 0 0 0.930170 0.937763
0.941560 0 0 0 0 0 0 0 0 0 0 0 0 0 0 0 0.937763 0.945357
0.949154 0 0 0 0 0 0 0 0 0 0 0 0 0 0 0 0.945357 0.952951
0.956748 0 0 0 0 0 0 0 0 0 0 0 0 0 0 0 0.952951 0.960545
0.964342 0 0 0 0 0 0 0 0 0 0 0 0 0 0 0 0.960545 0.968138
0.971935 0 0 0 0 0 0 0 0 0 0 0 0 0 0 0 0.968138 0.975732
0.979529 0 0 0 0 0 0 0 0 0 0 0 0 0 0 0 0.975732 0.983326
0.987123 0 0 0 0 0 0 0 0 0 0 0 0 0 0 0 0.983326 0.990920
0.994717 0 0 0 0 0 0 0 0 0 0 0 0 0 0 0 0.990920 0.998514
1.000412 0 0 0 0 0 0 0 0 0 0 0 0 0 0 0 0.998514 1.002310
