#Observed stellar mass range: 9.2 < log10(M*/Msun) < 9.4
#Quenched threshold: Obs. SFR / Obs. SM < 1e-11 / yr
#SFHs in units of observed Msun/yr.
#True SFHs rescaled by average systematic offset of -0.160039 dex to be consistent with average observed stellar mass in bin.
#See documentation for explanation of true vs. observed SFRs and SMs.
#Bestfit galaxies in bin: 107507
#Bestfit SF galaxies in bin: 75398
#Bestfit Q galaxies in bin: 32109
#Bestfit central galaxies in bin: 67698
#Bestfit satellite galaxies in bin: 39809
#Avg_scale_factor <SFH_all> Err+ Err- <SFH_SF> Err+ Err- <SFH_Q> Err+ Err- <SFH_Cen> Err+ Err- <SFH_Sat> Err+ Err- Scale_factor_begin Scale_factor_end
0.028936 0 3.27573e-10 0 0 0 0 0 0 0 0 0 0 0 8.91105e-10 0 0.000000 0.057873
0.059561 0 2.96105e-08 0 0 0 0 0 7.51558e-08 0 0 0 0 0 5.2308e-08 0 0.057873 0.061248
0.062373 0 1.53048e-06 0 0 5.80857e-08 0 0 2.94327e-06 0 0 5.61948e-08 0 0 1.82199e-06 0 0.061248 0.063498
0.064623 4.8168e-06 4.53055e-06 4.61056e-06 2.70416e-06 2.06637e-06 2.62284e-06 9.7777e-06 1.35277e-05 9.74355e-06 7.32003e-07 1.79499e-06 7.31495e-07 1.17633e-05 1.21021e-05 1.14286e-05 0.063498 0.065748
0.066873 1.67458e-05 1.45221e-05 1.58457e-05 6.82569e-06 8.67087e-06 6.48622e-06 4.00401e-05 2.20229e-05 3.9324e-05 2.74031e-06 9.77471e-06 2.53301e-06 4.05632e-05 2.424e-05 3.88522e-05 0.065748 0.067998
0.069123 4.73687e-05 3.73143e-05 4.13811e-05 1.36518e-05 4.17599e-05 1.13176e-05 0.000126542 5.80377e-05 0.000118587 7.35451e-06 3.94603e-05 5.98857e-06 0.000115416 7.42654e-05 0.000103567 0.067998 0.070248
0.071373 0.000104606 9.44439e-05 8.66982e-05 6.39032e-05 0.000101213 5.40711e-05 0.000200184 0.000151392 0.000176821 1.87416e-05 0.000134002 1.39113e-05 0.000250625 0.000102632 0.000217958 0.070248 0.072498
0.073623 0.000203987 0.000190783 0.000158422 0.000126563 0.000178616 0.000100703 0.000385791 0.000300141 0.000321498 4.81807e-05 0.000224055 3.39899e-05 0.000468945 0.000187292 0.000393142 0.072498 0.074748
0.075873 0.000285705 0.000246112 0.000212486 0.000178857 0.000191427 0.000132592 0.000536605 0.000446129 0.000421696 9.43916e-05 0.000227626 6.60315e-05 0.000611047 0.000364467 0.000480398 0.074748 0.076998
0.078123 0.000454001 0.000333016 0.000327001 0.000276237 0.000233307 0.000201921 0.000871425 0.00063937 0.000634429 0.000226115 0.000239182 0.000165774 0.000841537 0.000627678 0.000598679 0.076998 0.079248
0.080373 0.000829619 0.000533856 0.000584995 0.000528415 0.000334992 0.000378869 0.0015369 0.00108826 0.00105512 0.000521673 0.000327379 0.000370979 0.0013533 0.00099867 0.000933018 0.079248 0.081498
0.082904 0.00116656 0.000728004 0.000759863 0.000810569 0.000457223 0.000540919 0.0020025 0.0014324 0.00131806 0.000915237 0.000508896 0.000599813 0.00159396 0.00125201 0.0010692 0.081498 0.084311
0.085998 0.00224874 0.00133042 0.00136364 0.00155084 0.0007806 0.00100572 0.00388755 0.00280543 0.00238772 0.00181847 0.000787124 0.00117741 0.00298044 0.00261904 0.00174489 0.084311 0.087685
0.089373 0.00314922 0.001793 0.00186864 0.00237794 0.00131103 0.00143259 0.00496034 0.00303184 0.00278189 0.00226602 0.00139654 0.00133714 0.00465117 0.00272619 0.00270632 0.087685 0.091061
0.092748 0.00474744 0.00242535 0.0026484 0.00360919 0.00177702 0.00205399 0.00742027 0.00404985 0.00392764 0.00353684 0.00186212 0.00200014 0.00680614 0.00387286 0.00366646 0.091061 0.094435
0.096123 0.00635829 0.00282623 0.00334767 0.00490842 0.00236905 0.00251633 0.00976287 0.00520215 0.0048073 0.00494928 0.00229609 0.00265075 0.00875441 0.0047768 0.00443424 0.094435 0.097811
0.099498 0.0080107 0.00384535 0.00382191 0.00624892 0.00304122 0.00301827 0.0121477 0.00621339 0.00572829 0.00641159 0.00308155 0.00318764 0.0107301 0.00537939 0.00487608 0.097811 0.101186
0.102873 0.0099151 0.00460352 0.00442475 0.00785296 0.00349227 0.00352671 0.0147574 0.00681393 0.0065495 0.00812964 0.00361701 0.00371254 0.0129514 0.00617074 0.00540546 0.101186 0.104560
0.106248 0.0120421 0.00471583 0.00496763 0.00961231 0.00452454 0.00395732 0.0177477 0.00658519 0.00721458 0.00981944 0.00402351 0.00418954 0.0158219 0.0066018 0.00617365 0.104560 0.107936
0.109623 0.0142008 0.00495601 0.00557768 0.0115697 0.00460962 0.00446927 0.0203791 0.00686045 0.00775442 0.0117517 0.00455671 0.00470134 0.0183657 0.00704337 0.00687125 0.107936 0.111310
0.112998 0.0161414 0.00524605 0.00594007 0.0132326 0.00467978 0.00487222 0.0229719 0.00686037 0.00813954 0.013355 0.00469706 0.00497987 0.02088 0.00705723 0.00749098 0.111310 0.114686
0.116373 0.0176951 0.00603444 0.00606198 0.014221 0.00524466 0.00488112 0.0258528 0.00699122 0.00867883 0.0143116 0.00514755 0.00475353 0.0234489 0.00659815 0.00797723 0.114686 0.118060
0.119748 0.0192087 0.00640415 0.00598919 0.0153863 0.00560214 0.0048049 0.0281846 0.0080918 0.00955099 0.0154864 0.00559126 0.00451993 0.0255389 0.00642255 0.00809393 0.118060 0.121435
0.123123 0.0207671 0.00584033 0.0063525 0.0167253 0.00559933 0.00486826 0.0302581 0.00898582 0.0101095 0.017073 0.00537784 0.00497766 0.0270494 0.00737768 0.00796669 0.121435 0.124811
0.126498 0.0227244 0.00648766 0.0066191 0.0184677 0.00622333 0.0052028 0.0327201 0.00903551 0.0101358 0.0189317 0.00576844 0.00536114 0.0291742 0.00735481 0.00825434 0.124811 0.128185
0.129873 0.024592 0.00640608 0.00712746 0.0202467 0.00621834 0.0056005 0.0347955 0.00980085 0.0101445 0.0207497 0.00586395 0.00602307 0.031126 0.00839717 0.00827617 0.128185 0.131561
0.133248 0.026965 0.00687919 0.00758404 0.0222761 0.00622342 0.00616167 0.0379755 0.00891937 0.0110023 0.0229046 0.00594037 0.00653167 0.03387 0.00827841 0.00913494 0.131561 0.134935
0.137045 0.0294385 0.00640931 0.00816256 0.0242759 0.00633514 0.00667411 0.041561 0.00896977 0.0118273 0.0249691 0.0059128 0.00709824 0.0370389 0.00867967 0.00961009 0.134935 0.139154
0.141685 0.0327361 0.00720082 0.0090226 0.027005 0.00636212 0.00706993 0.0461937 0.0101818 0.0129262 0.0278738 0.00597913 0.00787858 0.0410046 0.00948327 0.00999463 0.139154 0.144217
0.146748 0.0362066 0.00790862 0.00947415 0.0300933 0.0070749 0.00749019 0.0505617 0.0119324 0.0132501 0.0307144 0.00726086 0.00829645 0.0455464 0.00984701 0.0110913 0.144217 0.149279
0.151810 0.0393654 0.00852956 0.0101824 0.0326631 0.00826729 0.00783685 0.0551038 0.0127078 0.0144206 0.0336503 0.008206 0.00869134 0.0490844 0.0116086 0.01183 0.149279 0.154342
0.156873 0.0424484 0.00889 0.0112509 0.0351617 0.00874248 0.00820342 0.0595589 0.0149295 0.0152655 0.0365176 0.00863702 0.00934568 0.052534 0.0133804 0.0122456 0.154342 0.159404
0.161935 0.0455844 0.0088854 0.0116691 0.0376133 0.00807199 0.00839526 0.0643021 0.0163907 0.0164145 0.039147 0.00833149 0.00980539 0.0565317 0.0144806 0.0127776 0.159404 0.164467
0.166998 0.0484752 0.00994108 0.0120796 0.040011 0.00831944 0.0085604 0.0683509 0.0169587 0.0175239 0.0414068 0.00849253 0.010129 0.0604956 0.0143546 0.0137609 0.164467 0.169529
0.172060 0.0506965 0.0107081 0.0120835 0.0417281 0.00904098 0.00950628 0.0717561 0.0184081 0.017451 0.043006 0.00940851 0.00989063 0.0637749 0.0148355 0.0143161 0.169529 0.174591
0.177123 0.0534322 0.0109889 0.0127766 0.043728 0.00991232 0.00950294 0.0762196 0.0168455 0.0186879 0.0449126 0.0108561 0.0104753 0.0679204 0.0163953 0.0150037 0.174591 0.179654
0.182185 0.0563614 0.0114961 0.0134872 0.0459705 0.0111588 0.0100411 0.0807613 0.0175122 0.0202083 0.0473582 0.0113959 0.0113329 0.0716721 0.0167584 0.0160299 0.179654 0.184716
0.187248 0.0589158 0.0113686 0.0143315 0.0479461 0.0111266 0.010552 0.0846747 0.0181371 0.0220057 0.0494177 0.0113341 0.0117973 0.075068 0.0164491 0.017427 0.184716 0.189779
0.192310 0.06139 0.0122309 0.0151591 0.0498553 0.0122513 0.0108863 0.0884755 0.0181342 0.0236416 0.0512725 0.0112404 0.0120873 0.0785955 0.0155161 0.0187351 0.189779 0.194842
0.197373 0.0645111 0.0130044 0.0158576 0.0522483 0.012862 0.0115337 0.0933063 0.0189906 0.0259367 0.0540003 0.0120911 0.0131419 0.0823854 0.0159896 0.0203797 0.194842 0.199904
0.202435 0.0671332 0.0130491 0.01682 0.0543129 0.013836 0.0119613 0.0972378 0.01896 0.0284326 0.0564056 0.0129013 0.0140981 0.0853763 0.0172732 0.0219502 0.199904 0.204967
0.207498 0.0689485 0.0136792 0.0179916 0.0558866 0.0141923 0.0125026 0.0996203 0.0191495 0.0280965 0.0577016 0.0140528 0.0144453 0.0880746 0.0189524 0.0227393 0.204967 0.210029
0.212560 0.0715201 0.013616 0.0193522 0.0579702 0.0144453 0.0137067 0.103338 0.0184273 0.0291445 0.0597587 0.0134811 0.0154668 0.0915213 0.019715 0.0236018 0.210029 0.215091
0.217623 0.07366 0.0141447 0.0202714 0.05978 0.0134992 0.0150357 0.106253 0.0187056 0.0304239 0.0614873 0.0121831 0.016685 0.0943607 0.0205076 0.0243471 0.215091 0.220154
0.222685 0.0760188 0.0149267 0.0207107 0.0618107 0.0128477 0.0160142 0.109382 0.0204965 0.0308052 0.0635956 0.0128476 0.0170581 0.0971453 0.0202901 0.0246012 0.220154 0.225217
0.227748 0.0784484 0.015822 0.0212612 0.0636832 0.0133731 0.0167862 0.11312 0.0213124 0.0319786 0.0657466 0.0140116 0.0181265 0.100049 0.0198778 0.0255901 0.225217 0.230279
0.232810 0.0810617 0.015207 0.0222321 0.0656946 0.013956 0.0171952 0.117147 0.0190613 0.03435 0.0679762 0.0146542 0.0185918 0.103314 0.018958 0.0267009 0.230279 0.235342
0.237873 0.0834257 0.0149614 0.0229549 0.0676677 0.0136583 0.0173168 0.120429 0.0189225 0.0358359 0.0701135 0.0147439 0.0191168 0.106064 0.0180049 0.0282105 0.235342 0.240404
0.242935 0.0856753 0.0141461 0.0238934 0.0695741 0.0129084 0.0176524 0.123484 0.0181785 0.0377287 0.0723268 0.0143841 0.0198531 0.108375 0.0165712 0.029994 0.240404 0.245467
0.247998 0.0886781 0.0133244 0.0253705 0.0722528 0.0134392 0.0187129 0.127248 0.0207458 0.0393484 0.0750746 0.0134549 0.0206098 0.111812 0.0166131 0.0319315 0.245467 0.250529
0.253060 0.0905252 0.0135386 0.0252819 0.0736493 0.0125432 0.0194439 0.130153 0.0230048 0.0412944 0.07657 0.0123914 0.021539 0.114257 0.0173047 0.0333564 0.250529 0.255592
0.258123 0.0931175 0.0144731 0.026397 0.0759106 0.01238 0.0204384 0.133523 0.0245891 0.0418015 0.0786107 0.0125044 0.0221082 0.117787 0.0187008 0.0346898 0.255592 0.260654
0.263185 0.0948334 0.0146291 0.0270023 0.0773588 0.011936 0.0212838 0.135867 0.0263097 0.0420457 0.0799582 0.0132938 0.0224411 0.12013 0.0191597 0.0355855 0.260654 0.265716
0.268248 0.0969271 0.0155627 0.0280532 0.0790687 0.0122379 0.0217362 0.138862 0.029172 0.0422372 0.0815951 0.0136288 0.0229909 0.123 0.0203606 0.0376073 0.265716 0.270779
0.273310 0.0989764 0.0170127 0.029829 0.0808302 0.0133773 0.0222009 0.141587 0.0316687 0.0432673 0.0833531 0.0144384 0.0237437 0.125545 0.021923 0.0391623 0.270779 0.275842
0.278373 0.101332 0.0158377 0.0306657 0.0828367 0.0145027 0.0233534 0.144764 0.0273978 0.0450784 0.0856383 0.0149298 0.0245904 0.128021 0.0188721 0.0395174 0.275842 0.280904
0.283435 0.104836 0.0165389 0.032303 0.0860727 0.0153381 0.0248744 0.148895 0.0297791 0.0466602 0.0890648 0.0161824 0.0262706 0.131656 0.0196981 0.0409625 0.280904 0.285967
0.288498 0.107507 0.0175817 0.0337358 0.0883596 0.0166171 0.0256243 0.152469 0.029782 0.0489582 0.0914064 0.0166324 0.0280031 0.134887 0.0221239 0.0427749 0.285967 0.291029
0.293560 0.109535 0.0179997 0.0352765 0.0903819 0.0168025 0.0270725 0.154509 0.0311282 0.0500911 0.0936701 0.0169427 0.0293781 0.136514 0.0235792 0.0424403 0.291029 0.296091
0.298623 0.112007 0.0194066 0.0361664 0.0925871 0.0170297 0.0284221 0.157609 0.0311778 0.0510909 0.0960859 0.0172274 0.0303319 0.139082 0.0258595 0.0436144 0.296091 0.301154
0.303685 0.114405 0.0203867 0.0371176 0.0946445 0.0191311 0.0287842 0.160806 0.0314075 0.0527469 0.0983421 0.0179898 0.0307499 0.141721 0.0266364 0.0441898 0.301154 0.306217
0.308748 0.117159 0.0213191 0.0371484 0.0968819 0.0204377 0.0300591 0.164773 0.0332703 0.0548062 0.100915 0.0185095 0.0318449 0.144782 0.0296316 0.0456518 0.306217 0.311279
0.313810 0.119753 0.0224764 0.0384008 0.0992836 0.0211501 0.0312433 0.16782 0.0356049 0.0562102 0.103495 0.0204072 0.0329125 0.147402 0.0312781 0.0462267 0.311279 0.316341
0.318873 0.122444 0.0234393 0.0390306 0.101585 0.0201507 0.0325859 0.171424 0.0374974 0.0584726 0.106098 0.0209249 0.0339387 0.150242 0.0320141 0.047473 0.316341 0.321404
0.323935 0.1255 0.0239352 0.0409062 0.104094 0.0192156 0.0336435 0.175765 0.0377968 0.0604149 0.1089 0.022643 0.0343065 0.153729 0.0317476 0.0495185 0.321404 0.326466
0.328997 0.128171 0.0252689 0.0426291 0.106071 0.0201034 0.034131 0.180066 0.040132 0.0618811 0.11136 0.0239402 0.0356409 0.156759 0.0321407 0.0514141 0.326466 0.331528
0.334060 0.130757 0.0252735 0.0439648 0.108404 0.0210526 0.0348349 0.183247 0.0417462 0.0634696 0.113918 0.0241495 0.0370756 0.159394 0.0334163 0.0525866 0.331528 0.336591
0.339122 0.133438 0.026031 0.0454885 0.110659 0.0221617 0.0351425 0.186928 0.0421279 0.0648211 0.116509 0.0247431 0.038627 0.162226 0.0339258 0.0534532 0.336591 0.341653
0.344185 0.13594 0.0261337 0.0467151 0.113132 0.0237285 0.0364305 0.189498 0.0446984 0.0645394 0.118998 0.0249788 0.0400267 0.164752 0.0346933 0.0537751 0.341653 0.346716
0.349247 0.13875 0.0261492 0.0480086 0.115615 0.0251728 0.0374534 0.193077 0.0454436 0.0664296 0.121911 0.0247999 0.0418878 0.167387 0.0360269 0.0556701 0.346716 0.351779
0.354310 0.141836 0.0261872 0.0490419 0.118664 0.024744 0.0378654 0.196249 0.047021 0.0671172 0.12484 0.0252204 0.042886 0.170739 0.0383998 0.0563828 0.351779 0.356841
0.359372 0.144669 0.0278074 0.0493189 0.121272 0.0250423 0.0391228 0.199608 0.0491637 0.0684551 0.127217 0.026712 0.0434381 0.174347 0.0402785 0.0578811 0.356841 0.361903
0.364435 0.14743 0.0302824 0.0506365 0.123657 0.0260737 0.040728 0.203251 0.0498824 0.0694304 0.129821 0.0278174 0.0438885 0.177375 0.0420576 0.058663 0.361903 0.366966
0.369497 0.150389 0.0311163 0.0515741 0.126565 0.0264942 0.042278 0.206331 0.0514807 0.0706936 0.132918 0.029243 0.0457362 0.180098 0.0432944 0.06015 0.366966 0.372028
0.374560 0.153681 0.0326601 0.0526168 0.129851 0.0269385 0.0437347 0.20964 0.0545238 0.07117 0.13647 0.0295965 0.0472691 0.182952 0.045109 0.0610944 0.372028 0.377091
0.379622 0.156472 0.032993 0.0538658 0.132577 0.027309 0.0454268 0.212584 0.0558819 0.0706349 0.139215 0.0298517 0.0479564 0.185819 0.0467899 0.0621438 0.377091 0.382154
0.384685 0.158857 0.0330093 0.0541998 0.134702 0.0276229 0.0463249 0.215576 0.0578887 0.0713676 0.141752 0.0311774 0.048562 0.187945 0.048627 0.0631008 0.382154 0.387216
0.389747 0.162183 0.0341699 0.0553419 0.137351 0.0277368 0.0468504 0.220494 0.0607185 0.0727086 0.144644 0.0327891 0.0496077 0.192009 0.0514754 0.064541 0.387216 0.392278
0.394810 0.165164 0.0354776 0.0554204 0.140277 0.0283146 0.0474166 0.223605 0.064263 0.0731442 0.14774 0.0345231 0.051007 0.194796 0.0536955 0.064775 0.392278 0.397341
0.399872 0.168912 0.0366784 0.0567295 0.143679 0.0293772 0.048746 0.228164 0.0658111 0.075615 0.151561 0.0362778 0.0523116 0.198419 0.0541545 0.0660723 0.397341 0.402404
0.404935 0.17252 0.0375667 0.0582446 0.146701 0.0302527 0.0498685 0.233148 0.070304 0.0782362 0.154833 0.0365832 0.0535895 0.202598 0.0538409 0.0676481 0.402404 0.407466
0.409997 0.176172 0.0385405 0.0596377 0.149892 0.0309219 0.0506989 0.237882 0.0707144 0.0795098 0.158244 0.037103 0.054704 0.206659 0.0534546 0.0688181 0.407466 0.412529
0.415060 0.179108 0.0398918 0.0605626 0.152683 0.0327739 0.0514535 0.241159 0.0713847 0.0791403 0.161213 0.0370143 0.0555096 0.209539 0.0538017 0.0688262 0.412529 0.417591
0.420122 0.182103 0.0422338 0.06129 0.155695 0.0345812 0.0521836 0.244115 0.0769218 0.0792687 0.164496 0.037176 0.0561793 0.212046 0.0539996 0.0686506 0.417591 0.422653
0.425185 0.183881 0.0435337 0.0607915 0.157525 0.0361809 0.0515337 0.24577 0.0790334 0.0755465 0.166304 0.038483 0.054371 0.213771 0.0555333 0.0681489 0.422653 0.427716
0.430247 0.187019 0.0454184 0.0616436 0.160636 0.0369701 0.0518919 0.248972 0.0797651 0.0737984 0.169699 0.0400571 0.0548457 0.216474 0.0572074 0.0680501 0.427716 0.432779
0.435310 0.190717 0.0477888 0.0622194 0.164021 0.0369337 0.0522939 0.253405 0.0812628 0.075095 0.173476 0.0412861 0.0556209 0.220037 0.0595729 0.0668562 0.432779 0.437841
0.440372 0.194406 0.04994 0.0632263 0.167479 0.03699 0.0528324 0.257635 0.0821308 0.075595 0.177381 0.0423714 0.0575076 0.223357 0.0611015 0.0671728 0.437841 0.442903
0.445435 0.198786 0.0511973 0.0639441 0.171536 0.0370016 0.0539892 0.262773 0.0824864 0.0766329 0.181817 0.0432241 0.0600481 0.227643 0.0623635 0.0676438 0.442903 0.447966
0.450497 0.203414 0.0524278 0.0644668 0.175344 0.0375575 0.0553982 0.269327 0.0827443 0.0783481 0.186432 0.044744 0.0602671 0.232293 0.0629131 0.0692464 0.447966 0.453029
0.455560 0.206822 0.0537495 0.0639328 0.178466 0.0380141 0.0552637 0.273406 0.0840528 0.0793521 0.189738 0.0460727 0.0602104 0.235874 0.0666334 0.0687129 0.453029 0.458091
0.460622 0.210471 0.0546257 0.0647942 0.182095 0.0386728 0.0567827 0.277104 0.0847642 0.0790049 0.19355 0.0467809 0.060845 0.239248 0.0671009 0.0704152 0.458091 0.463154
0.465685 0.215055 0.0556389 0.0662059 0.186244 0.0385854 0.0575301 0.282708 0.0846534 0.0803105 0.198456 0.0476235 0.061641 0.243283 0.070762 0.0704785 0.463154 0.468216
0.470747 0.219273 0.0573306 0.0673685 0.189739 0.0393181 0.0582428 0.288626 0.0865744 0.0815782 0.202621 0.0479523 0.0631664 0.247591 0.0727491 0.0714396 0.468216 0.473278
0.475810 0.224212 0.0585833 0.0674212 0.194034 0.0414554 0.0591711 0.295074 0.0918231 0.0833571 0.207408 0.0502085 0.0639614 0.252787 0.0763154 0.0719808 0.473278 0.478341
0.480872 0.229119 0.0605873 0.0678008 0.198323 0.0442904 0.0599947 0.301434 0.0943342 0.0850334 0.212525 0.0526322 0.0651401 0.257338 0.0783164 0.0718357 0.478341 0.483404
0.485935 0.233628 0.0603617 0.0692013 0.20242 0.0473174 0.0607317 0.306911 0.100095 0.0859798 0.217009 0.0535785 0.0665501 0.261891 0.077711 0.0727193 0.483404 0.488466
0.490997 0.238223 0.0617178 0.0703074 0.20685 0.0471135 0.0618456 0.311895 0.10062 0.0866192 0.22194 0.0535629 0.0673804 0.265914 0.0785386 0.0735224 0.488466 0.493528
0.496060 0.242689 0.0664711 0.071356 0.211179 0.0495384 0.0623864 0.316682 0.0998855 0.0871871 0.226343 0.0564259 0.0674277 0.270488 0.0805055 0.0730946 0.493528 0.498591
0.501122 0.248069 0.0681794 0.0729436 0.216087 0.0518257 0.0630726 0.323168 0.0984353 0.0879479 0.231758 0.0565353 0.0680524 0.275806 0.0831431 0.0734024 0.498591 0.503654
0.506185 0.252965 0.0706069 0.0745192 0.220835 0.0556468 0.0635359 0.328415 0.0986927 0.088783 0.236743 0.0612253 0.0692229 0.280552 0.0819209 0.0738605 0.503654 0.508716
0.511247 0.259058 0.0665395 0.0760643 0.226641 0.0600645 0.0645195 0.335178 0.100406 0.0901997 0.243311 0.0629458 0.0719336 0.285837 0.0820826 0.07333 0.508716 0.513778
0.516310 0.265127 0.0664688 0.0771248 0.232229 0.0646054 0.0657112 0.342376 0.103039 0.0911937 0.249629 0.0637922 0.0735628 0.291482 0.0831836 0.07569 0.513778 0.518841
0.521372 0.270887 0.0678191 0.0767793 0.237373 0.06467 0.066271 0.349585 0.107709 0.0923237 0.255184 0.063755 0.0744747 0.297593 0.083751 0.078108 0.518841 0.523903
0.526435 0.276517 0.0696369 0.0782161 0.242638 0.0641923 0.0682131 0.356073 0.108448 0.0920151 0.26089 0.0660297 0.0754402 0.303093 0.0854167 0.0781847 0.523903 0.528966
0.531497 0.282573 0.0685172 0.0785305 0.248225 0.0604888 0.0693274 0.363229 0.112988 0.0944052 0.267023 0.0697242 0.0763 0.309017 0.085774 0.0788591 0.528966 0.534029
0.536560 0.28919 0.0659178 0.0793192 0.254554 0.0591451 0.0707659 0.370523 0.112565 0.0961627 0.273968 0.068494 0.0778659 0.315078 0.0866989 0.0796878 0.534029 0.539091
0.541622 0.294796 0.0664449 0.0809716 0.259803 0.0615144 0.0722767 0.376968 0.110084 0.0989866 0.279514 0.0660194 0.0783611 0.320785 0.0867168 0.0810483 0.539091 0.544153
0.546685 0.300673 0.0652591 0.0824888 0.265735 0.0613005 0.0739204 0.382712 0.112331 0.099564 0.285674 0.0658493 0.0793481 0.326178 0.0878861 0.0818925 0.544153 0.549216
0.551747 0.307642 0.0654802 0.0836114 0.272492 0.0594433 0.07552 0.39018 0.116957 0.101401 0.292794 0.0652757 0.0826858 0.332891 0.0895266 0.0833752 0.549216 0.554278
0.556810 0.313885 0.0649924 0.0838194 0.278725 0.0582999 0.0773019 0.396447 0.12109 0.103319 0.299531 0.0650432 0.0851952 0.338293 0.0904479 0.0839735 0.554278 0.559341
0.561872 0.320712 0.0650698 0.0845488 0.285639 0.0583432 0.0792307 0.403068 0.121599 0.104361 0.307094 0.0621441 0.0868281 0.34387 0.0938816 0.0845718 0.559341 0.564404
0.566935 0.326405 0.0651308 0.0850319 0.292082 0.0584568 0.0818188 0.407003 0.124471 0.102717 0.313809 0.0609584 0.0878456 0.347826 0.0965037 0.0845199 0.564404 0.569466
0.571997 0.331126 0.0659075 0.0858335 0.297691 0.0603205 0.083303 0.409636 0.127755 0.101145 0.319383 0.0594881 0.0903644 0.351094 0.0986553 0.0848299 0.569466 0.574528
0.577060 0.336384 0.0687421 0.0861916 0.303919 0.059263 0.0849272 0.412617 0.131578 0.0994529 0.325626 0.0593263 0.0923722 0.354678 0.0998381 0.0843291 0.574528 0.579592
0.582123 0.342223 0.0702049 0.0867019 0.310189 0.059186 0.0871439 0.417445 0.136918 0.100507 0.332467 0.0587605 0.0938278 0.358813 0.100052 0.0836011 0.579592 0.584654
0.587185 0.347378 0.0728967 0.0873515 0.315934 0.0583056 0.0891625 0.421214 0.140373 0.100193 0.338735 0.0612086 0.095376 0.362077 0.101601 0.0829359 0.584654 0.589717
0.592248 0.353953 0.0725759 0.0898171 0.323081 0.0597219 0.091616 0.426444 0.143482 0.100035 0.346152 0.0601349 0.0983132 0.367218 0.103883 0.0825626 0.589717 0.594779
0.597310 0.359956 0.0754396 0.0914191 0.330218 0.0605359 0.0935245 0.429786 0.147735 0.0992602 0.354118 0.0627203 0.0998946 0.369883 0.106741 0.082975 0.594779 0.599841
0.602373 0.366706 0.0757872 0.0939019 0.338138 0.0605775 0.0968483 0.433789 0.150715 0.0980532 0.362114 0.0656183 0.102311 0.374515 0.109966 0.08255 0.599841 0.604904
0.607435 0.37244 0.0790402 0.095402 0.345238 0.0601451 0.0992447 0.436315 0.156521 0.0981588 0.369343 0.0676089 0.103577 0.377707 0.110711 0.082819 0.604904 0.609967
0.612498 0.377289 0.0804719 0.0965551 0.35157 0.0601967 0.100812 0.437683 0.158458 0.0971933 0.375748 0.0689029 0.104986 0.37991 0.11286 0.0825996 0.609967 0.615029
0.617560 0.38159 0.0828806 0.0977233 0.357859 0.062317 0.10224 0.437314 0.166161 0.0936282 0.381536 0.0704865 0.105981 0.38168 0.109956 0.0821863 0.615029 0.620092
0.622623 0.383848 0.0873612 0.0966227 0.36091 0.0664697 0.100715 0.437711 0.170414 0.0911648 0.384534 0.0756483 0.105292 0.382683 0.110251 0.0800994 0.620092 0.625154
0.627685 0.386422 0.0920603 0.0961064 0.364193 0.0720339 0.0981854 0.43862 0.170931 0.0910912 0.388238 0.081611 0.105837 0.383333 0.112697 0.0798191 0.625154 0.630216
0.632748 0.389145 0.0949169 0.0957005 0.366675 0.0764643 0.0970618 0.441907 0.169416 0.091956 0.391048 0.0858669 0.104316 0.385908 0.116844 0.0799165 0.630216 0.635279
0.637810 0.391813 0.0982701 0.094118 0.36971 0.0809121 0.0955195 0.443713 0.172707 0.0890808 0.394443 0.0904132 0.103747 0.387339 0.120127 0.0770315 0.635279 0.640342
0.642873 0.395322 0.0994134 0.0938813 0.373197 0.083171 0.0944069 0.447274 0.173301 0.0900616 0.398285 0.0942638 0.102832 0.390283 0.121084 0.077451 0.640342 0.645404
0.647935 0.398073 0.102482 0.0925203 0.376399 0.0864308 0.0936538 0.448969 0.172453 0.0895033 0.401344 0.096869 0.102384 0.392511 0.124389 0.0782743 0.645404 0.650466
0.652998 0.399148 0.10454 0.0899359 0.378568 0.0846233 0.091852 0.447475 0.174627 0.0912681 0.403309 0.0905766 0.100782 0.392072 0.125744 0.0799116 0.650466 0.655529
0.658060 0.40175 0.105519 0.0905307 0.381516 0.0817898 0.0908202 0.449262 0.170338 0.0939269 0.405774 0.0874915 0.0994037 0.394907 0.126731 0.0814331 0.655529 0.660591
0.663123 0.401908 0.107696 0.089359 0.383206 0.0826198 0.089563 0.445822 0.168038 0.091757 0.40638 0.0902686 0.0968868 0.394302 0.127611 0.0790235 0.660591 0.665654
0.668185 0.40308 0.109873 0.0888845 0.384861 0.0811301 0.0890531 0.445863 0.162526 0.0913947 0.407875 0.0931013 0.0954637 0.394927 0.130232 0.0790827 0.665654 0.670717
0.673248 0.403024 0.112749 0.0881266 0.385614 0.0871429 0.0875514 0.443906 0.167678 0.0880183 0.408334 0.0980989 0.0953102 0.393993 0.1331 0.0782717 0.670717 0.675779
0.678310 0.403477 0.112744 0.0876094 0.386446 0.0920421 0.0865012 0.443469 0.167536 0.0867181 0.409049 0.100689 0.0954489 0.394002 0.130812 0.0783903 0.675779 0.680841
0.684006 0.404672 0.114085 0.0883774 0.38866 0.0991885 0.0856041 0.44227 0.163604 0.0878025 0.410798 0.103682 0.0938117 0.394254 0.134538 0.0785191 0.680841 0.687170
0.690967 0.404933 0.113465 0.0895198 0.38992 0.101932 0.0858698 0.440185 0.161021 0.0870519 0.411298 0.107632 0.0934083 0.394108 0.133441 0.0769793 0.687170 0.694764
0.698560 0.40456 0.115623 0.0872624 0.390647 0.0997261 0.0863082 0.43723 0.157275 0.087346 0.411096 0.109086 0.092032 0.393446 0.129416 0.0772468 0.694764 0.702357
0.706154 0.403132 0.118248 0.08445 0.390903 0.103246 0.0838783 0.431847 0.15375 0.0893352 0.410225 0.112825 0.0899275 0.39107 0.1291 0.0779194 0.702357 0.709951
0.713748 0.401606 0.117407 0.082031 0.391152 0.106528 0.0826794 0.426152 0.150386 0.0889094 0.409922 0.114297 0.0893189 0.387463 0.125396 0.0752639 0.709951 0.717545
0.721342 0.400112 0.117602 0.0826024 0.390358 0.109259 0.080296 0.423015 0.143642 0.0917093 0.408972 0.117492 0.0875014 0.385044 0.123626 0.0759151 0.717545 0.725139
0.728935 0.398518 0.120504 0.0820358 0.389932 0.112324 0.0790379 0.418681 0.140893 0.0920338 0.406786 0.123135 0.0837695 0.384459 0.118789 0.0767659 0.725139 0.732732
0.736529 0.39615 0.120148 0.0785257 0.388623 0.118598 0.0756217 0.413826 0.136418 0.0934563 0.405139 0.122992 0.0823858 0.380865 0.115258 0.0773729 0.732732 0.740326
0.744123 0.393402 0.119288 0.076198 0.386601 0.121791 0.0711479 0.409373 0.131802 0.0944612 0.402079 0.12882 0.0763765 0.378645 0.111468 0.080315 0.740326 0.747920
0.751717 0.389285 0.120951 0.075539 0.384006 0.126185 0.0666824 0.401681 0.124445 0.094537 0.398069 0.134435 0.0722916 0.374348 0.110557 0.0789833 0.747920 0.755513
0.759310 0.386533 0.122297 0.0760823 0.382074 0.12925 0.064599 0.397003 0.119482 0.0965773 0.395608 0.130064 0.0724152 0.371099 0.1069 0.0800414 0.755513 0.763107
0.766904 0.382256 0.121144 0.0761739 0.379736 0.128665 0.0650397 0.388175 0.114686 0.098663 0.391156 0.132004 0.0714082 0.367122 0.102451 0.0796627 0.763107 0.770701
0.774498 0.378792 0.117411 0.0753351 0.377073 0.131622 0.0637327 0.382829 0.114602 0.101453 0.387946 0.13065 0.0718508 0.363225 0.101986 0.0801609 0.770701 0.778295
0.782092 0.374762 0.1189 0.0743176 0.374192 0.131852 0.0641354 0.376101 0.107478 0.104957 0.383548 0.127079 0.0711311 0.359821 0.0976471 0.0833667 0.778295 0.785888
0.789685 0.370463 0.117517 0.0729121 0.370467 0.130448 0.0603739 0.370455 0.0981238 0.106282 0.37971 0.130902 0.0693452 0.354739 0.0969394 0.0842128 0.785888 0.793482
0.797279 0.364758 0.118438 0.0705257 0.366675 0.13016 0.0588461 0.360254 0.0916952 0.106648 0.373587 0.132181 0.0665686 0.349742 0.0940948 0.0855899 0.793482 0.801076
0.804873 0.361023 0.11742 0.0695855 0.365294 0.131728 0.0590421 0.350993 0.0881206 0.105444 0.371694 0.13485 0.0652895 0.342877 0.0931695 0.0802944 0.801076 0.808670
0.812467 0.355056 0.117586 0.0687969 0.362949 0.133891 0.0595109 0.336522 0.0863297 0.0999108 0.367292 0.132416 0.065147 0.334248 0.0909641 0.0778804 0.808670 0.816263
0.820060 0.348864 0.11759 0.0661686 0.36067 0.13328 0.0607744 0.321141 0.0849596 0.0927894 0.362264 0.13174 0.0635505 0.326077 0.090312 0.076525 0.816263 0.823857
0.827654 0.344659 0.118718 0.0666435 0.358435 0.130907 0.0619475 0.312312 0.0854092 0.0889137 0.358733 0.130185 0.0645464 0.320726 0.0910163 0.0739856 0.823857 0.831451
0.835248 0.338933 0.117785 0.0655849 0.355627 0.127942 0.0621568 0.299733 0.0832112 0.0853353 0.353599 0.128521 0.0636361 0.313991 0.0926129 0.0711655 0.831451 0.839045
0.842842 0.332348 0.1182 0.0646789 0.350776 0.126064 0.0596097 0.289074 0.0819731 0.0823271 0.348343 0.126793 0.0624434 0.305147 0.0918051 0.0691571 0.839045 0.846639
0.850435 0.327002 0.116565 0.0638765 0.348199 0.121853 0.0611873 0.277227 0.0813988 0.0777763 0.34455 0.123744 0.0619618 0.297161 0.0906224 0.0682092 0.846639 0.854232
0.858029 0.320676 0.115573 0.0619479 0.344526 0.117835 0.0622953 0.264672 0.0812767 0.0744865 0.339074 0.122302 0.0605157 0.28939 0.0879368 0.0658431 0.854232 0.861826
0.865623 0.313861 0.113614 0.0611372 0.338954 0.116971 0.0620524 0.254939 0.0789992 0.0706073 0.332896 0.119945 0.0601604 0.281491 0.0883173 0.0629591 0.861826 0.869420
0.873217 0.307424 0.114345 0.059008 0.33624 0.116166 0.0613208 0.239759 0.0735436 0.0666442 0.327533 0.119159 0.0585437 0.273228 0.0877325 0.0599309 0.869420 0.877014
0.880810 0.301942 0.110941 0.057929 0.334749 0.115551 0.0607357 0.224904 0.070915 0.0605438 0.322386 0.116941 0.058111 0.267174 0.0854056 0.0586856 0.877014 0.884607
0.888404 0.295589 0.109505 0.0556639 0.331556 0.115382 0.0604872 0.211131 0.0671187 0.0577963 0.316742 0.115642 0.0570723 0.259617 0.0851687 0.0555339 0.884607 0.892201
0.895998 0.289789 0.105953 0.0546682 0.3295 0.115656 0.0607982 0.196541 0.0637998 0.054658 0.312231 0.114397 0.0581883 0.251625 0.0796768 0.0539145 0.892201 0.899795
0.903592 0.284424 0.101981 0.0526445 0.326685 0.115903 0.0603198 0.185186 0.061828 0.0518616 0.307055 0.112331 0.056372 0.245938 0.0778527 0.0538529 0.899795 0.907389
0.911185 0.278596 0.0987631 0.0524908 0.322996 0.115355 0.0616644 0.174338 0.0585862 0.0500701 0.301201 0.106443 0.0552983 0.240155 0.0772736 0.0525449 0.907389 0.914982
0.918779 0.272451 0.0949385 0.0504575 0.320038 0.110605 0.0617102 0.160709 0.056745 0.0461825 0.296474 0.106187 0.0544282 0.231598 0.0743177 0.0502227 0.914982 0.922576
0.926373 0.266043 0.0978818 0.0501165 0.315618 0.107789 0.0623796 0.149633 0.0532465 0.0426856 0.29011 0.105676 0.0541588 0.225116 0.0719871 0.0506747 0.922576 0.930170
0.933967 0.261546 0.0931758 0.0517629 0.31392 0.105847 0.0633974 0.138561 0.0489304 0.0403649 0.286365 0.105859 0.0537557 0.219339 0.0694452 0.0506801 0.930170 0.937763
0.941560 0.255874 0.0918113 0.0508681 0.310411 0.103967 0.0633307 0.127811 0.0446422 0.0383724 0.281395 0.107507 0.0543121 0.212474 0.068659 0.0494902 0.937763 0.945357
0.949154 0.250281 0.0893102 0.0508712 0.307329 0.101858 0.0635385 0.116319 0.041957 0.0352158 0.276564 0.100642 0.0554662 0.205584 0.0709211 0.0484524 0.945357 0.952951
0.956748 0.24465 0.087469 0.0498124 0.303685 0.105758 0.0636626 0.106027 0.0383068 0.0323415 0.270799 0.101382 0.0553709 0.200183 0.0696512 0.0473262 0.952951 0.960545
0.964342 0.239382 0.0864332 0.0502837 0.30065 0.111145 0.0656516 0.0955143 0.0353675 0.0314258 0.265636 0.101777 0.0545448 0.194736 0.0661723 0.0473873 0.960545 0.968138
0.971935 0.23576 0.0882842 0.0508884 0.299545 0.110464 0.0662489 0.0859825 0.0328554 0.0286239 0.262824 0.102979 0.0557355 0.189736 0.0658666 0.0475417 0.968138 0.975732
0.979529 0.229709 0.0866004 0.0489631 0.297289 0.111138 0.067781 0.0710169 0.0286471 0.0236888 0.25712 0.0987525 0.0552859 0.183094 0.0620809 0.047049 0.975732 0.983326
0.987123 0.224403 0.089357 0.0491604 0.296756 0.112928 0.0698189 0.0545037 0.0232875 0.0187625 0.252295 0.101489 0.055259 0.176971 0.0612207 0.045932 0.983326 0.990920
0.994717 0.219636 0.0891476 0.0486996 0.298625 0.120352 0.0732476 0.0341552 0.0145032 0.0120422 0.247742 0.10523 0.0558428 0.171841 0.0593193 0.0440717 0.990920 0.998514
1.000412 0.214478 0.0869784 0.0498425 0.303897 0.121177 0.075381 0.00450504 0.00222746 0.00114157 0.243221 0.102056 0.0561184 0.165598 0.0595051 0.0432902 0.998514 1.002310
