time mass_frac
0.0 1.0
0.001 0.9784328752113681
0.0010510128846672171 0.9762431964281362
0.001104628083736506 0.9740535176449043
0.0011609783487723253 0.9743442678868803
0.0012202032033793854 0.9757701297166632
0.0012824492886639467 0.9757311401170153
0.0013478707263181165 0.9732202137302028
0.0014166295002261005 0.9708749950358835
0.0014888958575373136 0.9712142409599531
0.0015648487301993617 0.9715534868840227
0.0016446761779946644 0.9718244560017761
0.0017285758541776255 0.9720719549673581
0.0018167554948653269 0.9717645633189338
0.0019094334333934245 0.9707223165330416
0.0020068391409108514 0.9698015185648128
0.002109213794551796 0.9698037316108263
0.0022168108745917697 0.9698059446568397
0.002329896792066355 0.9685629011379555
0.0024487515484065544 0.967013055276995
0.00257366942872409 0.9651597590639444
0.0027049597304631343 0.962988562482037
0.0028429475292227196 0.9619143707107425
0.0029879744836459076 0.9660326683763489
0.003140399681368727 0.9701509660419557
0.0033006005281233553 0.9711065122833762
0.003468973682197071 0.9715491799154691
0.0036459360365606016 0.9723328761328215
0.003831925751097718 0.973399553516666
0.0040274033374918085 0.9737511787646629
0.004232852799455644 0.9717431319643621
0.004448782831127585 0.9697350851640617
0.004675728076601392 0.9680958760960154
0.004914250453708332 0.9664893488523463
0.005164940545329175 0.9645468819318093
0.00542841906168109 0.962384762145628
0.005705338377199951 0.9594782333735659
0.005996384145823499 0.9547553466759544
0.006302276998674728 0.9500324599783432
0.006623774328348983 0.9458810584039758
0.0069616721642227234 0.9417432636182574
0.007316807143427192 0.9376482702664773
0.007690058582367121 0.933575053082841
0.008082350653913557 0.9295422647522129
0.008494654675661665 0.9255849436138659
0.008927991514919029 0.921635821808683
0.009383434116379496 0.917913548221035
0.009862110158740792 0.9141912746333875
0.010365204846844032 0.9106393449196566
0.01089396384624817 0.9071533547700225
0.011449696367505667 0.9037180601847952
0.012033778407775893 0.900356636279132
0.012647656157802618 0.8970115113792544
0.013292849582691226 0.8938253017857858
0.013970956185351725 0.8906390921923171
0.014683654961925823 0.887536899485275
0.015432710558991761 0.884458532462444
0.01621997764284016 0.8814325249597297
0.017047405491639214 0.8784667309051499
0.017917042821859484 0.8755124500100725
0.0188310428609086 0.8726228199337384
0.019791668678535563 0.8697331898574041
0.02080129879020548 0.8670979825160643
0.021862433046318564 0.8645122462620846
0.02297769882185518 0.8619561081194246
0.02414985752177254 0.8594269371448557
0.025381811418260458 0.8569079309450359
0.026676610836785245 0.8544273250053789
0.02803746170871442 0.8519467190657216
0.029467733509222598 0.8495052545750279
0.030970967600132873 0.8470683650588883
0.032550885998350584 0.8447084941976819
0.03421140059160017 0.8424040767680274
0.03595662282428345 0.8400930293874361
0.03779087387744126 0.8377638217064532
0.03971869536802454 0.8354346140254704
0.04174486059396593 0.8329290051762528
0.043874386352894985 0.830414791391999
0.04611254536376016 0.8277728988527098
0.0484648793221135 0.8250590419242186
0.050937212621383086 0.8224467536381143
0.053535666774107246 0.8200448575398116
0.05626667556883737 0.8176428892144303
0.059137001000238214 0.8152347815873473
0.0621537500118285 0.8128266739602643
0.06532439209281694 0.8104686374183672
0.06865677777260391 0.8081322983467174
0.07215915805874054 0.8058249466682004
0.07584020486647461 0.8035641504998661
0.07970903249046622 0.8012940110748883
0.08377522017183787 0.7988992948946619
0.0880488358164346 0.7965045787144357
0.09254046092302115 0.7941475055647458
0.09726121678313839 0.7918025940095369
0.10222279201748988 0.7894686223072666
0.107437471517039 0.7871484693666027
0.11291816686047523 0.7848323857679931
0.11867844828336223 0.7825440476833878
0.1247325782781258 0.7802557095987825
0.13109554690807246 0.7780693401253346
0.13778310892287984 0.7759062777630082
0.1448118227674533 0.7737609875100002
0.15219909158073902 0.7716334693663107
0.15996320628600247 0.7694939225776491
0.16812339087926856 0.7673017504672356
0.17669985002805433 0.7651095783568218
0.18571381909825 0.7628311808866419
0.19518761673301763 0.760540137030363
0.20514470011388802 0.758290856874126
0.21560972304088885 0.7560746396470888
0.2266085969755043 0.7538773525488848
0.23816855519761582 0.7517386587065925
0.2503182202352695 0.7495999648643004
0.2630876747342346 0.7474099843313109
0.27650853594281843 0.7452161572965191
0.29061403399637076 0.7430941273277575
0.30543909419530235 0.7410168011925615
0.32102042348034654 0.738938524014312
0.337396601319171 0.7368580521213235
0.3546081752293768 0.7347775802283352
0.37269776117440573 0.7326894747800167
0.39171014908092566 0.7306012795251648
0.41169241373896975 0.7285264680667237
0.432694031359404 0.7264581177513778
0.45476700207733495 0.7243932912537205
0.47796597870476204 0.7223347166906724
0.5023484020512822 0.720274930698775
0.527974643147885 0.7181903104154701
0.5549081527260037 0.7161056901321652
0.5832156183219137 0.7140609938013364
0.6129671293954891 0.7120308728817288
0.644236350872137 0.7099955092154443
0.6771007055376062 0.707952863956553
0.711641565737288 0.7058958827902241
0.747944454854642 0.7037162499713765
0.7860992590676272 0.7015366171525291
0.8262004499074289 0.6993979006497688
0.8683473181705602 0.6972700149365612
0.9126442197634823 0.6951694014452416
0.95920083408848 0.6930987208803846
1.0081324356105341 0.6910069018120153
1.059560179277616 0.688806370439869
1.1136114005010807 0.6866058390677224
1.1704199304389404 0.6843409513438325
1.2301264273626356 0.6820646028997687
1.2928787249277813 0.6786882688061076
1.3588321982112224 0.6743554254519265
1.4281501484206724 0.6703972607424128
1.5010042072295267 0.6677603312535678
1.5775747617379339 0.665123401764723
1.6580514011123852 0.6627861346711628
1.742633386009649 0.6604796021822473
1.831530141947403 0.6582399866410866
1.9249617778430974 0.6560462944954442
2.0231596310050106 0.6539127592727156
2.1263668399248385 0.6519346294341815
2.234838946290119 0.6499564995956476
2.348844527707024 0.6480526556756334
2.4686658627001665 0.6461514967888188
2.594599629635989 0.644240517943352
2.7269576413002135 0.6423242784057499
2.8660676169482504 0.6404411817212511
3.012273993740077 0.6386232278859553
3.1659387795688 0.6368066415485096
3.327442449394413 0.6350474901207819
3.497184887302176 0.633288338693054
3.6755863766180563 0.6315311074320311
3.863088640532871 0.629774663124576
4.06015593581161 0.6280432226622239
4.2672762022960855 0.6263500233747354
4.48496227104698 0.6246592183870009
4.713753134116719 0.6229954347822046
4.954215279097153 0.6213316511774085
5.206944091746301 0.6196982921491261
5.472565330167208 0.6180741526894842
5.751736674188838 0.6164724136381219
6.045149353785442 0.6148976699505837
6.3535298605662005 0.6133216392128295
6.6776417465729905 0.6117376716654099
7.018287514839912 0.6101537041179905
7.376310606395817 0.608648855062643
7.752597488629457 0.6071607211816767
8.148079850188267 0.6056999252991531
8.563736907845206 0.6042652247787785
9.000597831045503 0.602833210318142
9.45974429013664 0.6014120980999709
9.942313134590746 0.5999909858817997
10.449499207850991 0.5986062887230126
10.982558305771269 0.5972263830194073
11.542810285974566 0.595864948737497
12.131642335828579 0.5945174622638045
12.75051240713013 0.5931806770547055
13.400952826002978 0.5918750227971501
14.084574086946684 0.5905693685395947
14.803068840430969 0.5892636837121161
15.55821608390878 0.5879579969976053
16.35188556662486 0.5867124823087163
17.186042419126625 0.5855026251164918
18.06275201893943 0.5843151997766598
18.984185104454166 0.5831767921883518
19.952623149688797 0.582038384600044
